Flow ID,Src IP,Src Port,Dst IP,Dst Port,Protocol,Timestamp,Flow Duration,Tot Fwd Pkts,Tot Bwd Pkts,TotLen Fwd Pkts,TotLen Bwd Pkts,Fwd Pkt Len Max,Fwd Pkt Len Min,Fwd Pkt Len Mean,Fwd Pkt Len Std,Bwd Pkt Len Max,Bwd Pkt Len Min,Bwd Pkt Len Mean,Bwd Pkt Len Std,Flow Byts/s,Flow Pkts/s,Flow IAT Mean,Flow IAT Std,Flow IAT Max,Flow IAT Min,Fwd IAT Tot,Fwd IAT Mean,Fwd IAT Std,Fwd IAT Max,Fwd IAT Min,Bwd IAT Tot,Bwd IAT Mean,Bwd IAT Std,Bwd IAT Max,Bwd IAT Min,Fwd PSH Flags,Bwd PSH Flags,Fwd URG Flags,Bwd URG Flags,Fwd Header Len,Bwd Header Len,Fwd Pkts/s,Bwd Pkts/s,Pkt Len Min,Pkt Len Max,Pkt Len Mean,Pkt Len Std,Pkt Len Var,FIN Flag Cnt,SYN Flag Cnt,RST Flag Cnt,PSH Flag Cnt,ACK Flag Cnt,URG Flag Cnt,CWE Flag Count,ECE Flag Cnt,Down/Up Ratio,Pkt Size Avg,Fwd Seg Size Avg,Bwd Seg Size Avg,Fwd Byts/b Avg,Fwd Pkts/b Avg,Fwd Blk Rate Avg,Bwd Byts/b Avg,Bwd Pkts/b Avg,Bwd Blk Rate Avg,Subflow Fwd Pkts,Subflow Fwd Byts,Subflow Bwd Pkts,Subflow Bwd Byts,Init Fwd Win Byts,Init Bwd Win Byts,Fwd Act Data Pkts,Fwd Seg Size Min,Active Mean,Active Std,Active Max,Active Min,Idle Mean,Idle Std,Idle Max,Idle Min,Label
172.230.99.79-10.8.8.138-443-50698-6,10.8.8.138,50698,172.230.99.79,443,6,25/05/2015 01:48:27 上午,3552,1,3,0.0,53.0,0.0,0.0,0.0,0.0,53.0,0.0,17.666666666666664,30.599564267050166,14921.17117117117,1126.126126126126,1184.0,2008.3134715477063,3503.0,23.0,0,0,0,0,0,3552.0,1776.0,2442.346822218335,3503.0,49.0,0,0,0,0,20,96,281.5315315315315,844.5945945945946,0.0,53.0,10.6,23.70232056149777,561.8,1,0,0,0,1,0,0,0,3.0,13.25,0.0,17.666666666666668,0,0,0,0,0,0,1,0,3,53,-1,486,0,0,0,0,0,0,0,0,0,0,No Label
172.230.99.79-10.8.8.138-443-50697-6,10.8.8.138,50697,172.230.99.79,443,6,25/05/2015 01:48:27 上午,13142,1,3,0.0,53.0,0.0,0.0,0.0,0.0,53.0,0.0,17.666666666666664,30.599564267050166,4032.871709024502,304.36767615279257,4380.666666666666,7462.1147360070345,12997.0,25.0,0,0,0,0,0,13142.0,6571.0,9087.736351809508,12997.0,145.0,0,0,0,0,20,96,76.09191903819814,228.27575711459446,0.0,53.0,10.6,23.70232056149777,561.8,1,0,0,0,1,0,0,0,3.0,13.25,0.0,17.666666666666668,0,0,0,0,0,0,1,0,3,53,-1,486,0,0,0,0,0,0,0,0,0,0,No Label
209.148.205.35-10.8.8.138-443-42011-6,10.8.8.138,42011,209.148.205.35,443,6,25/05/2015 01:48:29 上午,10214171,2,2,0.0,0.0,0.0,0.0,0.0,0.0,0.0,0.0,0.0,0.0,0.0,0.3916127897212608,3404723.6666666665,5713138.076961324,1.0000535E7,41.0,1.0000535E7,1.0000535E7,0.0,1.0000535E7,1.0000535E7,213595.0,213595.0,0.0,213595.0,213595.0,0,0,0,0,64,80,0.1958063948606304,0.1958063948606304,0.0,0.0,0.0,0.0,0.0,0,1,0,0,0,0,0,0,1.0,0.0,0.0,0.0,0,0,0,0,0,0,2,0,2,0,-1,14480,0,0,0,0,0,0,0,0,0,0,No Label
10.8.8.138-54.192.55.216-47640-443-6,54.192.55.216,443,10.8.8.138,47640,6,25/05/2015 01:48:46 上午,41,1,2,0.0,31.0,0.0,0.0,0.0,0.0,31.0,0.0,15.5,21.920310216782973,756097.5609756097,73170.73170731707,20.5,4.949747468305833,24.0,17.0,0,0,0,0,0,24.0,24.0,0.0,24.0,24.0,0,1,0,0,32,64,24390.243902439022,48780.487804878045,0.0,31.0,15.499999999999998,17.897858344878397,320.3333333333333,0,0,0,1,1,0,0,0,2.0,20.666666666666668,0.0,15.5,0,0,0,0,0,0,1,0,2,31,-1,582,0,0,0,0,0,0,0,0,0,0,No Label
10.8.8.138-54.192.55.216-47640-443-6,10.8.8.138,47640,54.192.55.216,443,6,25/05/2015 01:48:46 上午,708547,1,1,0.0,0.0,0.0,0.0,0.0,0.0,0.0,0.0,0.0,0.0,0.0,2.822677959260289,708547.0,0.0,708547.0,708547.0,0,0,0,0,0,0,0,0,0,0,0,0,0,0,32,32,1.4113389796301445,1.4113389796301445,0.0,0.0,0.0,0.0,0.0,0,0,0,0,1,0,0,0,1.0,0.0,0.0,0.0,0,0,0,0,0,0,1,0,1,0,-1,582,0,0,0,0,0,0,0,0,0,0,No Label
10.8.8.138-23.235.40.143-39891-443-6,10.8.8.138,39891,23.235.40.143,443,6,25/05/2015 01:49:00 上午,10220148,3,3,0.0,0.0,0.0,0.0,0.0,0.0,0.0,0.0,0.0,0.0,0.0,0.5870756470454244,2044029.6,3872354.341710518,8925639.0,44.0,1.0000686E7,5000343.0,5551206.8395288605,8925639.0,1075047.0,1294465.0,647232.5,605052.1807782367,1075069.0,219396.0,0,0,0,0,96,120,0.2935378235227122,0.2935378235227122,0.0,0.0,0.0,0.0,0.0,0,1,0,0,0,0,0,0,1.0,0.0,0.0,0.0,0,0,0,0,0,0,3,0,3,0,-1,14480,0,0,0,0,0,0,0,0,0,0,No Label
10.8.8.138-23.235.44.143-49845-443-6,10.8.8.138,49845,23.235.44.143,443,6,25/05/2015 01:48:56 上午,15973848,1,4,0.0,31.0,0.0,0.0,0.0,0.0,31.0,0.0,7.75,15.500000000000002,1.9406720284304695,0.3130116174887854,3993461.9999999995,7826039.593705661,1.5731271E7,41.0,0,0,0,0,0,1.5973848E7,5324616.0,9013241.246016828,1.5731271E7,183.0,0,0,0,0,32,128,0.06260232349775709,0.25040929399102835,0.0,31.0,5.166666666666667,12.655697004379753,160.16666666666666,0,0,0,0,1,0,0,0,4.0,6.2,0.0,7.75,0,0,0,0,0,0,1,0,4,31,-1,56,0,0,242394.0,0.0,242394.0,242394.0,1.5731271E7,0.0,1.5731271E7,1.5731271E7,No Label
10.8.8.138-104.156.85.217-33754-443-6,10.8.8.138,33754,104.156.85.217,443,6,25/05/2015 01:48:57 上午,15998175,1,4,0.0,31.0,0.0,0.0,0.0,0.0,31.0,0.0,7.75,15.500000000000002,1.9377210213039926,0.31253564859741817,3999543.7499999995,7911479.089328298,1.5866397E7,22.0,0,0,0,0,0,1.5998175E7,5332725.0,9122665.104009518,1.5866397E7,54.0,0,0,0,0,32,128,0.06250712971948363,0.25002851887793454,0.0,31.0,5.166666666666667,12.655697004379753,160.16666666666666,0,0,0,0,1,0,0,0,4.0,6.2,0.0,7.75,0,0,0,0,0,0,1,0,4,31,-1,83,0,0,131724.0,0.0,131724.0,131724.0,1.5866397E7,0.0,1.5866397E7,1.5866397E7,No Label
10.8.8.138-23.235.44.143-49849-443-6,10.8.8.138,49849,23.235.44.143,443,6,25/05/2015 01:48:58 上午,15972987,0,4,0.0,31.0,0,0,0,0,31.0,0.0,7.75,15.500000000000002,1.9407766374567261,0.25042279192990013,5324329.0,9011058.170661367,1.5728448E7,203.0,0,0,0,0,0,1.5972987E7,5324329.0,9011058.170661367,1.5728448E7,203.0,0,0,0,0,0,128,0.0,0.25042279192990013,0.0,31.0,6.2,13.863621460498695,192.2,0,0,0,0,1,0,0,0,0.0,7.75,0.0,7.75,0,0,0,0,0,0,0,0,4,31,-1,83,0,0,244336.0,0.0,244336.0,244336.0,1.5728448E7,0.0,1.5728448E7,1.5728448E7,No Label
10.8.8.138-23.235.44.143-49848-443-6,10.8.8.138,49848,23.235.44.143,443,6,25/05/2015 01:48:58 上午,15989458,0,4,0.0,31.0,0,0,0,0,31.0,0.0,7.75,15.500000000000002,1.9387774119673098,0.2501648273506206,5329819.333333334,9022614.704209879,1.5747301E7,112.0,0,0,0,0,0,1.5989458E7,5329819.333333334,9022614.704209879,1.5747301E7,112.0,0,0,0,0,0,128,0.0,0.2501648273506206,0.0,31.0,6.2,13.863621460498695,192.2,0,0,0,0,1,0,0,0,0.0,7.75,0.0,7.75,0,0,0,0,0,0,0,0,4,31,-1,83,0,0,242045.0,0.0,242045.0,242045.0,1.5747301E7,0.0,1.5747301E7,1.5747301E7,No Label
10.8.8.138-23.235.44.143-49853-443-6,10.8.8.138,49853,23.235.44.143,443,6,25/05/2015 01:48:58 上午,15993117,0,4,0.0,31.0,0,0,0,0,31.0,0.0,7.75,15.500000000000002,1.9383338469918028,0.2501075931602326,5331039.0,9023695.995294223,1.5749759E7,46.0,0,0,0,0,0,1.5993117E7,5331039.0,9023695.995294223,1.5749759E7,46.0,0,0,0,0,0,128,0.0,0.2501075931602326,0.0,31.0,6.2,13.863621460498695,192.2,0,0,0,0,1,0,0,0,0.0,7.75,0.0,7.75,0,0,0,0,0,0,0,0,4,31,-1,83,0,0,243312.0,0.0,243312.0,243312.0,1.5749759E7,0.0,1.5749759E7,1.5749759E7,No Label
10.8.8.138-23.235.44.143-49852-443-6,10.8.8.138,49852,23.235.44.143,443,6,25/05/2015 01:48:58 上午,15993190,1,4,0.0,31.0,0.0,0.0,0.0,0.0,31.0,0.0,7.75,15.500000000000002,1.9383249995779452,0.3126330644480557,3998297.5000000005,7835596.8880003225,1.575044E7,21.0,0,0,0,0,0,1.599319E7,5331063.333333334,9024260.59510126,1.575044E7,42.0,0,0,0,0,32,128,0.06252661288961114,0.2501064515584446,0.0,31.0,5.166666666666667,12.655697004379753,160.16666666666666,0,0,0,0,1,0,0,0,4.0,6.2,0.0,7.75,0,0,0,0,0,0,1,0,4,31,-1,83,0,0,242708.0,0.0,242708.0,242708.0,1.575044E7,0.0,1.575044E7,1.575044E7,No Label
10.8.8.138-23.235.44.143-49851-443-6,10.8.8.138,49851,23.235.44.143,443,6,25/05/2015 01:48:58 上午,15993540,0,4,0.0,31.0,0,0,0,0,31.0,0.0,7.75,15.500000000000002,1.938282581592318,0.2501009782699765,5331180.0,9023948.26213299,1.5750191E7,21.0,0,0,0,0,0,1.599354E7,5331180.0,9023948.26213299,1.5750191E7,21.0,0,0,0,0,0,128,0.0,0.2501009782699765,0.0,31.0,6.2,13.863621460498695,192.2,0,0,0,0,1,0,0,0,0.0,7.75,0.0,7.75,0,0,0,0,0,0,0,0,4,31,-1,83,0,0,243328.0,0.0,243328.0,243328.0,1.5750191E7,0.0,1.5750191E7,1.5750191E7,No Label
10.8.8.138-23.235.44.143-49850-443-6,10.8.8.138,49850,23.235.44.143,443,6,25/05/2015 01:48:58 上午,15994062,1,4,0.0,31.0,0.0,0.0,0.0,0.0,31.0,0.0,7.75,15.500000000000002,1.9382193216457457,0.31261601962028157,3998515.5,7836055.395665581,1.5751346E7,12.0,0,0,0,0,0,1.5994062E7,5331354.0,9024793.374013169,1.5751346E7,30.0,0,0,0,0,32,128,0.06252320392405632,0.25009281569622527,0.0,31.0,5.166666666666667,12.655697004379753,160.16666666666666,0,0,0,0,1,0,0,0,4.0,6.2,0.0,7.75,0,0,0,0,0,0,1,0,4,31,-1,83,0,0,242686.0,0.0,242686.0,242686.0,1.5751346E7,0.0,1.5751346E7,1.5751346E7,No Label
10.8.8.138-23.235.37.217-33638-443-6,10.8.8.138,33638,23.235.37.217,443,6,25/05/2015 01:49:00 上午,15980118,1,4,0.0,31.0,0.0,0.0,0.0,0.0,31.0,0.0,7.75,15.500000000000002,1.9399105813861952,0.3128888034493863,3995029.5000000005,7901450.5819798475,1.5846832E7,21.0,0,0,0,0,0,1.5980118E7,5326706.0,9110938.92791687,1.5846832E7,161.0,0,0,0,0,32,128,0.06257776068987726,0.25031104275950905,0.0,31.0,5.166666666666667,12.655697004379753,160.16666666666666,0,0,0,0,1,0,0,0,4.0,6.2,0.0,7.75,0,0,0,0,0,0,1,0,4,31,-1,81,0,0,133125.0,0.0,133125.0,133125.0,1.5846832E7,0.0,1.5846832E7,1.5846832E7,No Label
10.8.8.138-23.235.44.143-49845-443-6,10.8.8.138,49845,23.235.44.143,443,6,25/05/2015 01:49:12 上午,4295074,1,1,0.0,0.0,0.0,0.0,0.0,0.0,0.0,0.0,0.0,0.0,0.0,0.46564971872428745,4295074.0,0.0,4295074.0,4295074.0,0,0,0,0,0,0,0,0,0,0,0,0,0,0,32,32,0.23282485936214373,0.23282485936214373,0.0,0.0,0.0,0.0,0.0,0,0,0,0,1,0,0,0,1.0,0.0,0.0,0.0,0,0,0,0,0,0,1,0,1,0,-1,999,0,0,0,0,0,0,0,0,0,0,No Label
10.8.8.138-23.235.44.143-49849-443-6,10.8.8.138,49849,23.235.44.143,443,6,25/05/2015 01:49:14 上午,2727102,1,1,0.0,0.0,0.0,0.0,0.0,0.0,0.0,0.0,0.0,0.0,0.0,0.7333792428739373,2727102.0,0.0,2727102.0,2727102.0,0,0,0,0,0,0,0,0,0,0,0,0,0,0,32,32,0.36668962143696865,0.36668962143696865,0.0,0.0,0.0,0.0,0.0,0,0,0,0,1,0,0,0,1.0,0.0,0.0,0.0,0,0,0,0,0,0,1,0,1,0,-1,1444,0,0,0,0,0,0,0,0,0,0,No Label
10.8.8.138-23.235.44.143-49848-443-6,10.8.8.138,49848,23.235.44.143,443,6,25/05/2015 01:49:14 上午,2487447,1,1,0.0,0.0,0.0,0.0,0.0,0.0,0.0,0.0,0.0,0.0,0.0,0.8040372317480533,2487447.0,0.0,2487447.0,2487447.0,0,0,0,0,0,0,0,0,0,0,0,0,0,0,32,32,0.40201861587402665,0.40201861587402665,0.0,0.0,0.0,0.0,0.0,0,0,0,0,1,0,0,0,1.0,0.0,0.0,0.0,0,0,0,0,0,0,1,0,1,0,-1,1444,0,0,0,0,0,0,0,0,0,0,No Label
10.8.8.138-23.235.44.143-49850-443-6,10.8.8.138,49850,23.235.44.143,443,6,25/05/2015 01:49:14 上午,2483440,1,1,0.0,0.0,0.0,0.0,0.0,0.0,0.0,0.0,0.0,0.0,0.0,0.8053345359662404,2483440.0,0.0,2483440.0,2483440.0,0,0,0,0,0,0,0,0,0,0,0,0,0,0,32,32,0.4026672679831202,0.4026672679831202,0.0,0.0,0.0,0.0,0.0,0,0,0,0,1,0,0,0,1.0,0.0,0.0,0.0,0,0,0,0,0,0,1,0,1,0,-1,1444,0,0,0,0,0,0,0,0,0,0,No Label
10.8.8.138-23.235.44.143-49853-443-6,10.8.8.138,49853,23.235.44.143,443,6,25/05/2015 01:49:14 上午,2483514,1,1,0.0,0.0,0.0,0.0,0.0,0.0,0.0,0.0,0.0,0.0,0.0,0.8053105398238142,2483514.0,0.0,2483514.0,2483514.0,0,0,0,0,0,0,0,0,0,0,0,0,0,0,32,32,0.4026552699119071,0.4026552699119071,0.0,0.0,0.0,0.0,0.0,0,0,0,0,1,0,0,0,1.0,0.0,0.0,0.0,0,0,0,0,0,0,1,0,1,0,-1,1462,0,0,0,0,0,0,0,0,0,0,No Label
10.8.8.138-23.235.44.143-49851-443-6,10.8.8.138,49851,23.235.44.143,443,6,25/05/2015 01:49:14 上午,2483534,1,1,0.0,0.0,0.0,0.0,0.0,0.0,0.0,0.0,0.0,0.0,0.0,0.8053040546253846,2483534.0,0.0,2483534.0,2483534.0,0,0,0,0,0,0,0,0,0,0,0,0,0,0,32,32,0.4026520273126923,0.4026520273126923,0.0,0.0,0.0,0.0,0.0,0,0,0,0,1,0,0,0,1.0,0.0,0.0,0.0,0,0,0,0,0,0,1,0,1,0,-1,1444,0,0,0,0,0,0,0,0,0,0,No Label
10.8.8.138-23.235.44.143-49852-443-6,10.8.8.138,49852,23.235.44.143,443,6,25/05/2015 01:49:14 上午,2483580,1,1,0.0,0.0,0.0,0.0,0.0,0.0,0.0,0.0,0.0,0.0,0.0,0.8052891390653815,2483580.0,0.0,2483580.0,2483580.0,0,0,0,0,0,0,0,0,0,0,0,0,0,0,32,32,0.40264456953269073,0.40264456953269073,0.0,0.0,0.0,0.0,0.0,0,0,0,0,1,0,0,0,1.0,0.0,0.0,0.0,0,0,0,0,0,0,1,0,1,0,-1,1444,0,0,0,0,0,0,0,0,0,0,No Label
10.8.8.138-104.156.85.217-33754-443-6,10.8.8.138,33754,104.156.85.217,443,6,25/05/2015 01:49:13 上午,3247680,1,1,0.0,0.0,0.0,0.0,0.0,0.0,0.0,0.0,0.0,0.0,0.0,0.6158242191348902,3247680.0,0.0,3247680.0,3247680.0,0,0,0,0,0,0,0,0,0,0,0,0,0,0,32,32,0.3079121095674451,0.3079121095674451,0.0,0.0,0.0,0.0,0.0,0,0,0,0,1,0,0,0,1.0,0.0,0.0,0.0,0,0,0,0,0,0,1,0,1,0,-1,1444,0,0,0,0,0,0,0,0,0,0,No Label
10.8.8.138-23.235.37.217-33638-443-6,10.8.8.138,33638,23.235.37.217,443,6,25/05/2015 01:49:16 上午,895712,1,1,0.0,0.0,0.0,0.0,0.0,0.0,0.0,0.0,0.0,0.0,0.0,2.232860562323604,895712.0,0.0,895712.0,895712.0,0,0,0,0,0,0,0,0,0,0,0,0,0,0,32,32,1.116430281161802,1.116430281161802,0.0,0.0,0.0,0.0,0.0,0,0,0,0,1,0,0,0,1.0,0.0,0.0,0.0,0,0,0,0,0,0,1,0,1,0,-1,693,0,0,0,0,0,0,0,0,0,0,No Label
10.8.8.138-74.125.29.155-44652-443-6,10.8.8.138,44652,74.125.29.155,443,6,25/05/2015 01:48:48 上午,59080392,2,5,0.0,63.0,0.0,0.0,0.0,0.0,63.0,0.0,12.6,28.17445651649735,1.066343635634645,0.11848262618162722,9846732.0,1.805007296208039E7,4.4996959E7,54.0,1.3860342E7,1.3860342E7,0.0,1.3860342E7,1.3860342E7,5.9080392E7,1.4770098E7,2.1278395647935912E7,4.5220964E7,110.0,0,0,0,0,64,160,0.03385217890903635,0.08463044727259088,0.0,63.0,7.875,22.273863607376246,496.125,0,0,0,0,1,0,0,0,2.0,9.0,0.0,12.6,0,0,0,0,0,0,2,0,5,63,-1,350,0,0,223520.0,685.8935777509511,224005.0,223035.0,2.9316621E7,2.217534666219421E7,4.4996959E7,1.3636283E7,No Label
10.8.8.138-74.125.226.57-46417-443-6,10.8.8.138,46417,74.125.226.57,443,6,25/05/2015 01:48:49 上午,59143249,1,5,0.0,63.0,0.0,0.0,0.0,0.0,63.0,0.0,12.6,28.17445651649735,1.0652103336426446,0.10144860320406139,1.18286498E7,1.9452437272338513E7,4.4997889E7,45.0,0,0,0,0,0,5.9143249E7,1.478581225E7,2.1275526355378684E7,4.5211799E7,45.0,0,0,0,0,32,160,0.01690810053401023,0.08454050267005116,0.0,63.0,9.0,23.811761799581316,567.0,0,0,0,0,1,0,0,0,5.0,10.5,0.0,12.6,0,0,0,0,0,0,1,0,5,63,-1,350,0,0,212006.5,2691.955515977186,213910.0,210103.0,2.93595955E7,2.2115886760071017E7,4.4997889E7,1.3721302E7,No Label
10.8.8.138-74.125.226.45-47827-443-6,10.8.8.138,47827,74.125.226.45,443,6,25/05/2015 01:48:50 上午,59106870,1,5,0.0,63.0,0.0,0.0,0.0,0.0,63.0,0.0,12.6,28.17445651649735,1.0658659475624408,0.10151104262499436,1.1821374E7,1.9451695441860266E7,4.4996859E7,18.0,0,0,0,0,0,5.910687E7,1.47767175E7,2.127617380674897E7,4.5210585E7,18.0,0,0,0,0,32,160,0.016918507104165724,0.08459253552082863,0.0,63.0,9.0,23.811761799581316,567.0,0,0,0,0,1,0,0,0,5.0,10.5,0.0,12.6,0,0,0,0,0,0,1,0,5,63,-1,350,0,0,210430.5,4660.540794800535,213726.0,207135.0,2.93429955E7,2.2137906065237164E7,4.4996859E7,1.3689132E7,No Label
10.8.8.138-74.125.226.35-54672-443-6,10.8.8.138,54672,74.125.226.35,443,6,25/05/2015 01:48:50 上午,59109134,1,5,0.0,63.0,0.0,0.0,0.0,0.0,63.0,0.0,12.6,28.17445651649735,1.0658251227297628,0.1015071545456917,1.18218268E7,1.945031889229339E7,4.5000143E7,15.0,0,0,0,0,0,5.9109134E7,1.47772835E7,2.1279470835511073E7,4.5221059E7,15.0,0,0,0,0,32,160,0.016917859090948617,0.08458929545474309,0.0,63.0,9.0,23.811761799581316,567.0,0,0,0,0,1,0,0,0,5.0,10.5,0.0,12.6,0,0,0,0,0,0,1,0,5,63,-1,350,0,0,218383.5,3581.495846709863,220916.0,215851.0,2.9336176E7,2.2152194571964603E7,4.5000143E7,1.3672209E7,No Label
10.8.8.138-23.235.40.143-39890-443-6,10.8.8.138,39890,23.235.40.143,443,6,25/05/2015 01:49:00 上午,61684814,10,11,1323.0,5731.0,989.0,0.0,132.3,309.52079449081,1308.0,0.0,521.0,616.8043449911811,114.35553651827497,0.3404403553847143,3084240.6999999997,1.0472703479388736E7,4.4998549E7,10.0,4.5465997E7,5051777.444444444,1.4980353918213522E7,4.4998549E7,36.0,6.1684814E7,6168481.4,1.4580488087895619E7,4.5217306E7,21.0,0,0,0,0,320,368,0.16211445494510204,0.17832590043961224,0.0,1308.0,320.6363636363637,514.8193900087723,265039.0043290044,0,1,0,0,0,0,0,0,1.0,335.9047619047619,132.3,521.0,0,0,0,0,0,0,10,1323,11,5731,-1,35,3,0,452255.0,330278.2637837374,685797.0,218713.0,3.03901415E7,2.065940801117284E7,4.4998549E7,1.5781734E7,No Label
10.8.8.138-23.235.40.143-39890-443-6,10.8.8.138,39890,23.235.40.143,443,6,25/05/2015 01:50:01 上午,5361742,1,1,0.0,0.0,0.0,0.0,0.0,0.0,0.0,0.0,0.0,0.0,0.0,0.37301309910100117,5361742.0,0.0,5361742.0,5361742.0,0,0,0,0,0,0,0,0,0,0,0,0,0,0,32,32,0.18650654955050058,0.18650654955050058,0.0,0.0,0.0,0.0,0.0,0,0,0,0,1,0,0,0,1.0,0.0,0.0,0.0,0,0,0,0,0,0,1,0,1,0,-1,360,0,0,0,0,0,0,0,0,0,0,No Label
10.8.8.138-104.156.81.217-35198-443-6,10.8.8.138,35198,104.156.81.217,443,6,25/05/2015 01:48:28 上午,90714409,14,16,6671.0,4537.0,1061.0,0.0,476.49999999999994,438.72485682942556,1047.0,0.0,283.5625,386.9285840651562,123.55258799073474,0.33070821196663475,3128083.0689655175,9193179.774003403,2.9815509E7,19.0,9.0714292E7,6978022.461538461,1.2966023511538042E7,2.9815509E7,71.0,9.0714388E7,6047625.866666667,1.2328651983368568E7,2.9957475E7,49.0,0,1,0,0,448,512,0.15433049891776288,0.17637771304887187,0.0,1061.0,395.3225806451612,426.7991242647041,182157.49247311833,0,0,0,1,1,0,0,0,1.0,408.5,476.5,283.5625,0,0,0,0,0,0,14,6671,16,4537,-1,83,9,0,357080.0,170418.83439338504,553860.0,257794.0,2.9720066E7,161924.00862441616,2.9815509E7,2.9533106E7,No Label
209.148.205.35-10.8.8.138-443-42010-6,10.8.8.138,42010,209.148.205.35,443,6,25/05/2015 01:48:29 上午,119862437,2913,11086,1067.0,1.4386465E7,774.0,0.0,0.36628904909028553,15.053135849244779,1308.0,0.0,1297.7146851885282,88.51859155512052,120033.70163414915,116.7922190669292,8562.825903700552,33033.31115450004,513207.0,0.0,1.19649172E8,41088.3145604396,77242.38591367115,513207.0,11.0,1.19829962E8,10810.100315741955,48912.44626569738,703526.0,6.0,0,0,0,0,127016,354768,24.302859785839328,92.48935928108988,0.0,1308.0,1027.680857142856,532.6172959515026,283681.18394669046,0,1,0,0,0,0,0,0,3.0,1027.7542681620116,0.3662890490902849,1297.7146851885261,0,0,0,0,0,0,2913,1067,11086,14386465,-1,535,3,0,0,0,0,0,0,0,0,0,No Label
255.255.255.255-10.8.8.138-17500-17500-17,10.8.8.138,17500,255.255.255.255,17500,17,25/05/2015 01:48:29 上午,90235661,3,1,690.0,230.0,230.0,230.0,230.0,0.0,230.0,230.0,230.0,0.0,10.19552569133394,0.044328372571017134,3.0078553666666668E7,4584.923154572313,3.0082585E7,3.0073566E7,6.0162095E7,3.00810475E7,2174.353352148634,3.0082585E7,3.007951E7,0,0,0,0,0,0,0,0,0,24,8,0.033246279428262845,0.011082093142754284,230.0,230.0,230.0,0.0,0.0,0,0,0,0,0,0,0,0,0.0,287.5,230.0,230.0,0,0,0,0,0,0,3,690,1,230,-1,-1,3,0,0,0,0,0,3.0078553666666668E7,4584.923154572313,3.0082585E7,3.0073566E7,No Label
172.230.99.79-10.8.8.138-443-50673-6,10.8.8.138,50673,172.230.99.79,443,6,25/05/2015 01:48:29 上午,106351343,14,9,6270.0,3496.0,1045.0,0.0,447.8571428571429,536.6624576086848,997.0,0.0,388.44444444444446,256.9411951746504,91.82770733793178,0.21626431177272487,4834151.954545455,1.0011357556576772E7,4.5009943E7,31.0,1.05928925E8,8148378.846153845,1.209563742641578E7,4.5009943E7,212395.0,1.06351343E8,1.3293917875E7,1.3364442090213798E7,4.5220223E7,212124.0,0,1,0,0,448,288,0.13163914629644122,0.08462516547628364,0.0,1045.0,448.4583333333333,447.48349293496324,200241.4764492753,0,0,0,1,1,0,0,0,0.0,467.95652173913044,447.85714285714283,388.44444444444446,0,0,0,0,0,0,14,6270,9,3496,-1,1320,6,0,219179.42857142858,13875.944566733022,250088.0,212169.0,1.4943834E7,1.3261992745089378E7,4.5009943E7,9779102.0,No Label
10.8.8.138-74.125.29.95-39514-443-6,10.8.8.138,39514,74.125.29.95,443,6,25/05/2015 01:48:56 上午,104321417,2,6,0.0,63.0,0.0,0.0,0.0,0.0,63.0,0.0,10.5,25.71964229922337,0.6039028400083944,0.07668607492170089,1.490305957142857E7,2.1142538145029526E7,4.4996839E7,24.0,4.5212031E7,4.5212031E7,0.0,4.5212031E7,4.5212031E7,1.04321417E8,2.08642834E7,2.2906849770400606E7,4.5212088E7,24.0,0,0,0,0,64,192,0.019171518730425222,0.05751455619127566,0.0,63.0,7.0,21.0,441.0,0,0,0,0,1,0,0,0,3.0,7.875,0.0,10.5,0,0,0,0,0,0,2,0,6,63,-1,350,0,0,215270.0,90.34932207825358,215369.0,215192.0,3.4558527666666664E7,1.807948119294515E7,4.4996839E7,1.3682141E7,No Label
10.8.8.138-108.160.163.107-36320-443-6,108.160.163.107,443,10.8.8.138,36320,6,25/05/2015 01:48:33 上午,79778656,5,4,554.0,2035.0,277.0,0.0,110.8,151.71914842893102,586.0,277.0,508.75,154.5,32.45228899318635,0.1128121285974033,9972332.0,1.8213288194875766E7,4.0121459E7,2467.0,7.9504612E7,1.9876153E7,2.2637211567270752E7,4.0121459E7,275596.0,7.9506583E7,2.6502194333333332E7,2.295838433327638E7,4.0395422E7,2548.0,0,1,0,0,160,128,0.06267340477633516,0.05013872382106813,0.0,586.0,286.6,239.3761335917458,57300.933333333334,0,0,0,1,1,0,0,0,0.0,318.44444444444446,110.8,508.75,0,0,0,0,0,0,5,554,4,2035,-1,1444,2,0,276303.0,3194.708437400822,278562.0,274044.0,3.9475227E7,913910.0588394899,4.0121459E7,3.8828995E7,No Label
10.8.8.138-74.125.226.35-54688-443-6,10.8.8.138,54688,74.125.226.35,443,6,25/05/2015 01:49:05 上午,104320871,2,6,0.0,63.0,0.0,0.0,0.0,0.0,63.0,0.0,10.5,25.71964229922337,0.6039060007464854,0.07668647628526798,1.490298157142857E7,2.1143420263988137E7,4.4998277E7,74.0,4.5211997E7,4.5211997E7,0.0,4.5211997E7,4.5211997E7,1.04320871E8,2.08641742E7,2.2907593172715116E7,4.521394E7,74.0,0,0,0,0,64,192,0.019171619071316995,0.057514857213950984,0.0,63.0,7.0,21.0,441.0,0,0,0,0,1,0,0,0,3.0,7.875,0.0,10.5,0,0,0,0,0,0,2,0,6,63,-1,350,0,0,214538.33333333334,1007.071165972561,215663.0,213720.0,3.4559060666666664E7,1.808083565789774E7,4.4998277E7,1.368111E7,No Label
173.194.204.188-10.8.8.138-5228-55375-6,10.8.8.138,55375,173.194.204.188,5228,6,25/05/2015 01:48:39 上午,90663410,2,4,0.0,0.0,0.0,0.0,0.0,0.0,0.0,0.0,0.0,0.0,0.0,0.06617884767405065,1.8132682E7,2.4524761876357015E7,4.4998415E7,215317.0,4.5216028E7,4.5216028E7,0.0,4.5216028E7,4.5216028E7,9.066341E7,3.0221136666666668E7,2.59699252955348E7,4.5216435E7,233650.0,0,0,0,0,64,128,0.022059615891350217,0.044119231782700434,0.0,0.0,0.0,0.0,0.0,0,0,0,0,1,0,0,0,2.0,0.0,0.0,0.0,0,0,0,0,0,0,2,0,4,0,-1,358,0,0,225835.0,11052.078989945738,233650.0,218020.0,4.49982115E7,287.79245994292484,4.4998415E7,4.4998008E7,No Label
192.0.80.241-10.8.8.138-443-38332-6,10.8.8.138,38332,192.0.80.241,443,6,25/05/2015 01:48:58 上午,90779445,2,4,0.0,0.0,0.0,0.0,0.0,0.0,0.0,0.0,0.0,0.0,0.0,0.06609425735087938,1.8155889E7,2.4503872152952276E7,4.4999768E7,259470.0,4.5259996E7,4.5259996E7,0.0,4.5259996E7,4.5259996E7,9.0779445E7,3.0259815E7,2.5980419323025968E7,4.526246E7,260211.0,0,0,0,0,64,128,0.022031419116959793,0.044062838233919585,0.0,0.0,0.0,0.0,0.0,0,0,0,0,1,0,0,0,2.0,0.0,0.0,0.0,0,0,0,0,0,0,2,0,4,0,-1,79,0,0,261451.5,1754.3319241238244,262692.0,260211.0,4.4998536E7,1742.311108843653,4.4999768E7,4.4997304E7,No Label
192.0.80.241-10.8.8.138-443-38332-6,10.8.8.138,38332,192.0.80.241,443,6,25/05/2015 01:51:13 上午,133,1,2,0.0,31.0,0.0,0.0,0.0,0.0,31.0,0.0,15.5,21.920310216782973,233082.70676691728,22556.390977443607,66.5,19.091883092036785,80.0,53.0,0,0,0,0,0,133.0,133.0,0.0,133.0,133.0,0,1,0,0,32,64,7518.796992481202,15037.593984962405,0.0,31.0,15.499999999999998,17.897858344878397,320.3333333333333,0,0,0,1,1,0,0,0,2.0,20.666666666666668,0.0,15.5,0,0,0,0,0,0,1,0,2,31,-1,79,0,0,0,0,0,0,0,0,0,0,No Label
192.0.77.2-10.8.8.138-443-48309-6,10.8.8.138,48309,192.0.77.2,443,6,25/05/2015 01:48:58 上午,90395772,2,4,0.0,0.0,0.0,0.0,0.0,0.0,0.0,0.0,0.0,0.0,0.0,0.06637478575878528,1.80791544E7,2.4574311156540792E7,4.4999457E7,131808.0,4.5132009E7,4.5132009E7,0.0,4.5132009E7,4.5132009E7,9.0395772E7,3.0131924E7,2.5980265050495308E7,4.5132996E7,132498.0,0,0,0,0,40,80,0.022124928586261756,0.04424985717252351,0.0,0.0,0.0,0.0,0.0,0,0,0,0,1,0,0,0,2.0,0.0,0.0,0.0,0,0,0,0,0,0,2,0,4,0,-1,89,0,0,133018.5,736.098159215196,133539.0,132498.0,4.49989635E7,697.9143930311224,4.4999457E7,4.499847E7,No Label
192.0.77.2-10.8.8.138-443-48309-6,10.8.8.138,48309,192.0.77.2,443,6,25/05/2015 01:51:13 上午,31,1,2,0.0,31.0,0.0,0.0,0.0,0.0,31.0,0.0,15.5,21.920310216782973,1000000.0,96774.19354838709,15.5,7.7781745930520225,21.0,10.0,0,0,0,0,0,31.0,31.0,0.0,31.0,31.0,0,1,0,0,20,40,32258.06451612903,64516.12903225806,0.0,31.0,15.499999999999998,17.897858344878397,320.3333333333333,0,0,0,1,1,0,0,0,2.0,20.666666666666668,0.0,15.5,0,0,0,0,0,0,1,0,2,31,-1,89,0,0,0,0,0,0,0,0,0,0,No Label
10.8.8.138-74.125.226.35-54653-443-6,10.8.8.138,54653,74.125.226.35,443,6,25/05/2015 01:49:03 上午,90613258,2,4,0.0,0.0,0.0,0.0,0.0,0.0,0.0,0.0,0.0,0.0,0.0,0.0662154758854383,1.81226516E7,2.4535139676104125E7,4.4999865E7,204143.0,4.5204053E7,4.5204053E7,0.0,4.5204053E7,4.5204053E7,9.0613258E7,3.0204419333333332E7,2.5981001425518036E7,4.5204682E7,204143.0,0,0,0,0,64,128,0.022071825295146102,0.044143650590292204,0.0,0.0,0.0,0.0,0.0,0,0,0,0,1,0,0,0,2.0,0.0,0.0,0.0,0,0,0,0,0,0,2,0,4,0,-1,538,0,0,204480.0,476.589970519733,204817.0,204143.0,4.49995505E7,444.7701653663384,4.4999865E7,4.4999236E7,No Label
10.8.8.138-74.125.226.65-36454-443-6,10.8.8.138,36454,74.125.226.65,443,6,25/05/2015 01:51:40 上午,10205019,2,2,0.0,0.0,0.0,0.0,0.0,0.0,0.0,0.0,0.0,0.0,0.0,0.39196399340363797,3401673.0,5715529.099705206,1.000034E7,25.0,1.000034E7,1.000034E7,0.0,1.000034E7,1.000034E7,204654.0,204654.0,0.0,204654.0,204654.0,0,0,0,0,64,80,0.19598199670181898,0.19598199670181898,0.0,0.0,0.0,0.0,0.0,0,1,0,0,0,0,0,0,1.0,0.0,0.0,0.0,0,0,0,0,0,0,2,0,2,0,-1,42540,0,0,0,0,0,0,0,0,0,0,No Label
10.8.8.138-74.125.226.35-54653-443-6,10.8.8.138,54653,74.125.226.35,443,6,25/05/2015 01:51:19 上午,59023692,1,5,0.0,63.0,0.0,0.0,0.0,0.0,63.0,0.0,12.6,28.17445651649735,1.0673679985996132,0.10165409510472508,1.18047384E7,1.9452219305476196E7,4.4998647E7,215.0,0,0,0,0,0,5.9023692E7,1.4755923E7,2.1274505227898985E7,4.5203633E7,215.0,0,0,0,0,32,160,0.016942349184120846,0.08471174592060422,0.0,63.0,9.0,23.811761799581316,567.0,0,0,0,0,1,0,0,0,5.0,10.5,0.0,12.6,0,0,0,0,0,0,1,0,5,63,-1,538,0,0,205210.5,317.49094475275984,205435.0,204986.0,2.9306528E7,2.219200751217253E7,4.4998647E7,1.3614409E7,No Label
10.8.8.138-104.156.81.217-35198-443-6,10.8.8.138,35198,104.156.81.217,443,6,25/05/2015 01:50:29 上午,119941901,13,15,6585.0,3853.0,1061.0,0.0,506.53846153846155,423.4026089087893,1061.0,0.0,256.8666666666667,385.8968897565897,87.02546743860596,0.23344635833310662,4442292.62962963,1.0705844567205863E7,2.9810071E7,16.0,1.19808941E8,9984078.416666664,1.4512719143288117E7,2.9810071E7,67.0,1.19941901E8,8567278.642857144,1.3914511721506396E7,2.9947584E7,20.0,0,1,0,0,416,480,0.10838580922608522,0.1250605491070214,0.0,1061.0,396.5172413793104,427.9310375590954,183124.9729064039,0,0,0,1,1,0,0,0,1.0,410.67857142857144,506.53846153846155,256.8666666666667,0,0,0,0,0,0,13,6585,15,3853,-1,83,9,0,319036.5,98560.40193539526,466585.0,264630.0,2.963322375E7,120376.14633964347,2.9810071E7,2.9548307E7,No Label
209.148.205.35-10.8.8.138-443-42010-6,10.8.8.138,42010,209.148.205.35,443,6,25/05/2015 01:50:29 上午,119996734,1066,7738,0.0,1.0121304E7,0.0,0.0,0.0,0.0,1308.0,1308.0,1308.0,0.0,84346.49563045608,73.36866351712538,13631.345450414605,37766.05566871985,233503.0,7.0,1.1995812E8,112636.73239436615,77879.65023518297,315070.0,46.0,1.1999671E8,15509.462323898131,53981.0052955156,500161.0,7.0,0,0,0,0,34112,247616,8.883575114636036,64.48508840248935,0.0,1308.0,1149.6436115843303,426.70140471278717,182074.08878386577,0,0,0,0,1,0,0,0,7.0,1149.774193548387,0.0,1308.0,0,0,0,0,0,0,1066,0,7738,10121304,-1,535,0,0,0,0,0,0,0,0,0,0,No Label
172.230.99.79-10.8.8.138-443-50673-6,10.8.8.138,50673,172.230.99.79,443,6,25/05/2015 01:50:29 上午,105435974,5,5,1045.0,1759.0,1045.0,0.0,209.0,467.33820729745605,1045.0,0.0,351.8,426.6458718890879,26.59433866471419,0.09484428910383091,1.1715108222222222E7,1.9464425057686802E7,4.504332E7,22.0,1.05011371E8,2.625284275E7,2.2474517018367827E7,4.504332E7,212242.0,1.05435974E8,2.63589935E7,2.259220269109484E7,4.5254681E7,212507.0,0,1,0,0,160,160,0.04742214455191546,0.04742214455191546,0.0,1045.0,349.90909090909093,467.3513570207012,218417.29090909092,0,0,0,1,1,0,0,0,1.0,384.9,209.0,351.8,0,0,0,0,0,0,5,1045,5,1759,-1,1320,1,0,212036.66666666666,621.004294134375,212529.0,211339.0,3.4862596666666664E7,1.7602880805148467E7,4.504332E7,1.4536551E7,No Label
255.255.255.255-10.8.8.138-17500-17500-17,10.8.8.138,17500,255.255.255.255,17500,17,25/05/2015 01:50:29 上午,90222969,3,1,690.0,230.0,230.0,230.0,230.0,0.0,230.0,230.0,230.0,0.0,10.196959933783601,0.04433460840775479,3.0074323E7,12954.445105831433,3.0087339E7,3.0061431E7,6.013563E7,3.0067815E7,9028.339382189839,3.0074199E7,3.0061431E7,0,0,0,0,0,0,0,0,0,24,8,0.03325095630581609,0.011083652101938698,230.0,230.0,230.0,0.0,0.0,0,0,0,0,0,0,0,0,0.0,287.5,230.0,230.0,0,0,0,0,0,0,3,690,1,230,-1,-1,3,0,0,0,0,0,3.0074323E7,12954.445105831433,3.0087339E7,3.0061431E7,No Label
10.8.8.138-108.160.163.107-36320-443-6,108.160.163.107,443,10.8.8.138,36320,6,25/05/2015 01:50:47 上午,80748899,5,4,554.0,2035.0,277.0,0.0,110.8,151.71914842893102,586.0,277.0,508.75,154.5,32.062356664454335,0.11145662803402434,1.0093612375E7,1.8812155606889255E7,4.6973049E7,989.0,8.0473456E7,2.0118364E7,2.3616822147830036E7,4.6973049E7,273371.0,8.0474586E7,2.6824862E7,2.4263670268035933E7,4.7249136E7,3617.0,0,1,0,0,160,128,0.06192034890779131,0.04953627912623304,0.0,586.0,286.6,239.3761335917458,57300.933333333334,0,0,0,1,1,0,0,0,0.0,318.44444444444446,110.8,508.75,0,0,0,0,0,0,5,554,4,2035,-1,1444,2,0,274407.0,1465.1252506185265,275443.0,273371.0,3.99610335E7,9916487.41967036,4.6973049E7,3.2949018E7,No Label
173.194.204.188-10.8.8.138-5228-55375-6,10.8.8.138,55375,173.194.204.188,5228,6,25/05/2015 01:50:54 上午,86436337,3,4,33.0,33.0,33.0,0.0,11.0,19.05255888325765,33.0,0.0,8.25,16.5,0.7635677573888862,0.08098445911700308,1.4406056166666668E7,2.2106718062444218E7,4.4997793E7,48.0,4.1220368E7,2.0610184E7,2.8842728626893852E7,4.1005073E7,215295.0,8.6436289E7,2.8812096333333332E7,2.485229305269215E7,4.5213162E7,218176.0,0,0,0,0,96,128,0.034707625335858465,0.04627683378114462,0.0,33.0,8.25,15.2760316462471,233.35714285714286,0,0,0,0,1,0,0,0,1.0,9.428571428571429,11.0,8.25,0,0,0,0,0,0,3,33,4,33,-1,358,1,0,216772.5,1984.848734790639,218176.0,215369.0,4.28937485E7,2975568.2677365174,4.4997793E7,4.0789704E7,No Label
10.8.8.138-74.125.226.41-44627-443-6,10.8.8.138,44627,74.125.226.41,443,6,25/05/2015 01:51:39 上午,91293304,14,14,656.0,4341.0,262.0,0.0,46.857142857142875,83.64012392189727,1308.0,0.0,310.07142857142856,543.8829716153897,54.73566823696073,0.3067037643856114,3381233.481481482,1.19953608142957E7,4.49978E7,26.0,9.087339E7,6990260.76923077,1.6959904682336263E7,4.5204035E7,65.0,9.1293304E7,7022561.846153846,1.694681813205032E7,4.520985E7,44.0,0,0,0,0,448,464,0.1533518821928057,0.1533518821928057,0.0,1308.0,172.3103448275862,398.7561108755465,159006.4359605911,0,1,0,0,0,0,0,0,1.0,178.46428571428572,46.857142857142854,310.07142857142856,0,0,0,0,0,0,14,656,14,4341,-1,350,6,0,543233.5,476686.8441487556,880302.0,206165.0,4.49973935E7,574.8778131046631,4.49978E7,4.4996987E7,No Label
10.8.8.138-74.125.226.72-39606-443-6,10.8.8.138,39606,74.125.226.72,443,6,25/05/2015 01:51:39 上午,91278687,14,13,662.0,4341.0,262.0,0.0,47.28571428571429,84.55624306790268,1308.0,0.0,333.9230769230769,558.4183708681842,54.81016614535658,0.2957974187336853,3510718.7307692305,1.2213704014532166E7,4.4998692E7,8.0,9.0865588E7,6989660.615384616,1.6968861560682274E7,4.5243118E7,22.0,9.1278687E7,7606557.25,1.756194718460084E7,4.5206059E7,10.0,0,0,0,0,448,432,0.15337643934339237,0.14242097939029294,0.0,1308.0,178.67857142857144,404.6879962867991,163772.37433862433,0,1,0,0,0,0,0,0,0.0,185.2962962962963,47.285714285714285,333.9230769230769,0,0,0,0,0,0,14,662,13,4341,-1,350,6,0,538192.0,470770.4817105677,871077.0,205307.0,4.4997468E7,1730.9974003446684,4.4998692E7,4.4996244E7,No Label
10.8.8.138-104.156.81.217-35198-443-6,10.8.8.138,35198,104.156.81.217,443,6,25/05/2015 01:52:29 上午,119932855,12,12,6063.0,2792.0,1028.0,0.0,505.25,438.53125212567136,698.0,0.0,232.66666666666666,343.671442814297,73.83297929495633,0.20011197098576533,5214471.956521739,1.1512138308736283E7,2.9822063E7,22.0,1.19799209E8,1.0890837181818182E7,1.4954611053226573E7,2.9822063E7,79.0,1.19932855E8,1.0902986818181816E7,1.5050048544321889E7,2.9954407E7,75.0,0,1,0,0,384,384,0.10005598549288267,0.10005598549288267,0.0,1028.0,382.12,406.42571276925867,165181.85999999996,0,0,0,1,1,0,0,0,1.0,398.0416666666667,505.25,232.66666666666666,0,0,0,0,0,0,12,6063,12,2792,-1,83,8,0,197201.25,131529.00681693753,269140.0,22.0,2.975255825E7,131004.40562407306,2.9822063E7,2.95561E7,No Label
209.148.205.35-10.8.8.138-443-42010-6,10.8.8.138,42010,209.148.205.35,443,6,25/05/2015 01:52:29 上午,119980088,1147,7930,0.0,1.037244E7,0.0,0.0,0.0,0.0,1308.0,1308.0,1308.0,0.0,86451.34515987353,75.6542202236091,13219.489643014556,35495.30793226925,220983.0,4.0,1.1994001E8,104659.69458987784,71690.93744174419,330128.0,42.0,1.19942206E8,15127.028124605873,49127.87343936897,395544.0,6.0,0,0,0,0,36704,253760,9.55991964266604,66.09430058094307,0.0,1308.0,1142.7349636483816,434.59744717997944,188874.941095355,0,0,0,0,1,0,0,0,6.0,1142.8608571113805,0.0,1308.0,0,0,0,0,0,0,1147,0,7930,10372440,-1,535,0,0,0,0,0,0,0,0,0,0,No Label
255.255.255.255-10.8.8.138-17500-17500-17,10.8.8.138,17500,255.255.255.255,17500,17,25/05/2015 01:52:29 上午,90199136,3,1,690.0,230.0,230.0,230.0,230.0,0.0,230.0,230.0,230.0,0.0,10.199654240590508,0.044346322785176126,3.0066378666666668E7,6470.954978465956,3.0073727E7,3.0061532E7,6.0137604E7,3.0068802E7,6965.001794687493,3.0073727E7,3.0063877E7,0,0,0,0,0,0,0,0,0,24,8,0.0332597420888821,0.011086580696294032,230.0,230.0,230.0,0.0,0.0,0,0,0,0,0,0,0,0,0.0,287.5,230.0,230.0,0,0,0,0,0,0,3,690,1,230,-1,-1,3,0,0,0,0,0,3.0066378666666668E7,6470.954978465956,3.0073727E7,3.0061532E7,No Label
172.230.99.79-10.8.8.138-443-50673-6,10.8.8.138,50673,172.230.99.79,443,6,25/05/2015 01:52:29 上午,106454588,5,5,1045.0,1759.0,1045.0,0.0,209.0,467.33820729745605,1045.0,0.0,351.8,426.6458718890879,26.339869917114328,0.09393676860597121,1.1828287555555556E7,1.9489543455213144E7,4.5038563E7,50.0,1.06030536E8,2.6507634E7,2.231458932520643E7,4.5038563E7,214650.0,1.06454588E8,2.6613647E7,2.243309776799091E7,4.525166E7,211972.0,0,1,0,0,160,160,0.046968384302985604,0.046968384302985604,0.0,1045.0,349.90909090909093,467.3513570207012,218417.29090909092,0,0,0,1,1,0,0,0,1.0,384.9,209.0,351.8,0,0,0,0,0,0,5,1045,5,1759,-1,1320,1,0,213239.66666666666,1324.5513705905607,214650.0,212022.0,3.5200946333333336E7,1.7035444120215718E7,4.5038563E7,1.553011E7,No Label
173.194.204.188-10.8.8.138-5228-55375-6,10.8.8.138,55375,173.194.204.188,5228,6,25/05/2015 01:53:06 上午,90642999,2,4,0.0,0.0,0.0,0.0,0.0,0.0,0.0,0.0,0.0,0.0,0.0,0.06619374983389506,1.81285998E7,2.4528601529603206E7,4.4999287E7,214586.0,4.5211972E7,4.5211972E7,0.0,4.5211972E7,4.5211972E7,9.0642999E7,3.0214333E7,2.59787252316503E7,4.5213873E7,216685.0,0,0,0,0,64,128,0.022064583277965018,0.044129166555930036,0.0,0.0,0.0,0.0,0.0,0,0,0,0,1,0,0,0,2.0,0.0,0.0,0.0,0,0,0,0,0,0,2,0,4,0,-1,358,0,0,215635.5,1484.2171337105633,216685.0,214586.0,4.49983365E7,1344.209991035627,4.4999287E7,4.4997386E7,No Label
10.8.8.138-108.160.163.107-36320-443-6,108.160.163.107,443,10.8.8.138,36320,6,25/05/2015 01:52:59 上午,102735033,5,4,554.0,2035.0,277.0,0.0,110.8,151.71914842893102,586.0,277.0,508.75,154.5,25.200751140071176,0.08760400164567037,1.2841879125E7,2.3620505354453087E7,5.494136E7,985.0,1.02460706E8,2.56151765E7,2.944026734235764E7,5.494136E7,274205.0,1.02461975E8,3.4153991666666664E7,2.98442824160369E7,5.5218245E7,1871.0,0,1,0,0,160,128,0.048668889803150206,0.038935111842520166,0.0,586.0,286.6,239.3761335917458,57300.933333333334,0,0,0,1,1,0,0,0,0.0,318.44444444444446,110.8,508.75,0,0,0,0,0,0,5,554,4,2035,-1,1444,2,0,274266.0,86.2670273047588,274327.0,274205.0,5.0954889E7,5637721.354207034,5.494136E7,4.6968418E7,No Label
10.8.8.138-74.125.226.41-44627-443-6,10.8.8.138,44627,74.125.226.41,443,6,25/05/2015 01:53:55 上午,104339716,3,6,0.0,63.0,0.0,0.0,0.0,0.0,63.0,0.0,10.5,25.71964229922337,0.6037969281035804,0.08625670401479721,1.30424645E7,2.0274417584414788E7,4.499876E7,56.0,5.9135609E7,2.95678045E7,2.211286741411535E7,4.5203963E7,1.3931646E7,1.04339716E8,2.08679432E7,2.2901662543364264E7,4.5204916E7,112.0,0,0,0,0,96,192,0.02875223467159907,0.05750446934319814,0.0,63.0,6.3,19.922349259060788,396.9,0,0,0,0,1,0,0,0,2.0,7.0,0.0,10.5,0,0,0,0,0,0,3,0,6,63,-1,350,0,0,205801.33333333334,453.02354611359146,206156.0,205291.0,3.4574066666666664E7,1.8055273190735783E7,4.499876E7,1.3725633E7,No Label
10.8.8.138-74.125.226.72-39606-443-6,10.8.8.138,39606,74.125.226.72,443,6,25/05/2015 01:53:56 上午,104356131,2,6,0.0,63.0,0.0,0.0,0.0,0.0,63.0,0.0,10.5,25.71964229922337,0.6037019521162584,0.07666056534809632,1.4908018714285716E7,2.1146394507400725E7,4.4998862E7,62.0,4.5203993E7,4.5203993E7,0.0,4.5203993E7,4.5203993E7,1.04356131E8,2.08712262E7,2.2900410454941068E7,4.5204619E7,62.0,0,0,0,0,64,192,0.01916514133702408,0.05749542401107224,0.0,63.0,7.0,21.0,441.0,0,0,0,0,1,0,0,0,3.0,7.875,0.0,10.5,0,0,0,0,0,0,2,0,6,63,-1,350,0,0,205405.33333333334,369.76929744549284,205832.0,205178.0,3.4579951E7,1.8046018259671938E7,4.4998862E7,1.3742204E7,No Label
10.8.8.138-104.156.81.217-35198-443-6,10.8.8.138,35198,104.156.81.217,443,6,25/05/2015 01:54:29 上午,119925752,12,12,6063.0,2792.0,1028.0,0.0,505.25,438.53125212567136,698.0,0.0,232.66666666666666,343.671442814297,73.83735229777838,0.2001238232802576,5214163.130434783,1.1511341653012667E7,2.9813347E7,16.0,1.19793484E8,1.0890316727272727E7,1.4953434643006979E7,2.9813347E7,42.0,1.19925752E8,1.090234109090909E7,1.5048481183885798E7,2.9945577E7,19.0,0,1,0,0,384,384,0.1000619116401288,0.1000619116401288,0.0,1028.0,382.12,406.42571276925867,165181.85999999996,0,0,0,1,1,0,0,0,1.0,398.0416666666667,505.25,232.66666666666666,0,0,0,0,0,0,12,6063,12,2792,-1,83,8,0,197768.25,131920.14506353202,270496.0,20.0,2.975059275E7,117561.99659860301,2.9813347E7,2.9574334E7,No Label
209.148.205.35-10.8.8.138-443-42010-6,10.8.8.138,42010,209.148.205.35,443,6,25/05/2015 01:54:29 上午,119970487,1269,8667,0.0,1.1335128E7,0.0,0.0,0.0,0.0,1308.0,0.0,1307.8490827275864,14.04990364079694,94482.63721726827,82.82036897958078,12075.539708102691,32627.755686700268,219402.0,6.0,1.19890033E8,94550.49921135644,65026.84686170666,282336.0,46.0,1.19970487E8,13843.813408723747,45507.61874857238,332944.0,6.0,0,0,0,0,40620,277344,10.577601472935589,72.2427675066452,0.0,1308.0,1140.6992049914393,436.87422763688016,190859.0907733206,0,0,0,0,1,0,0,0,6.0,1140.8140096618358,0.0,1307.8490827275873,0,0,0,0,0,0,1269,0,8667,11335128,-1,535,0,0,0,0,0,0,0,0,0,0,No Label
255.255.255.255-10.8.8.138-17500-17500-17,10.8.8.138,17500,255.255.255.255,17500,17,25/05/2015 01:54:30 上午,90213812,3,1,690.0,230.0,230.0,230.0,230.0,0.0,230.0,230.0,230.0,0.0,10.197994958909396,0.04433910851699737,3.0071270666666668E7,8633.30512221903,3.0079592E7,3.0062356E7,6.013422E7,3.006711E7,6723.171275521694,3.0071864E7,3.0062356E7,0,0,0,0,0,0,0,0,0,24,8,0.03325433138774803,0.011084777129249343,230.0,230.0,230.0,0.0,0.0,0,0,0,0,0,0,0,0,0.0,287.5,230.0,230.0,0,0,0,0,0,0,3,690,1,230,-1,-1,3,0,0,0,0,0,3.0071270666666668E7,8633.30512221903,3.0079592E7,3.0062356E7,No Label
172.230.99.79-10.8.8.138-443-50673-6,10.8.8.138,50673,172.230.99.79,443,6,25/05/2015 01:54:30 上午,119999630,6,5,2090.0,1759.0,1045.0,0.0,348.33333333333337,539.6356795715668,1045.0,0.0,351.8,426.6458718890879,32.075098898221604,0.09166694930642703,1.1999963E7,1.8370456645836737E7,4.5035065E7,20.0,1.19784378E8,2.39568756E7,2.0124144808033366E7,4.5035065E7,211700.0,1.05462088E8,2.6365522E7,2.2581752990604207E7,4.5247481E7,215204.0,0,1,0,0,192,160,0.050000154167142014,0.041666795139285014,0.0,1045.0,407.83333333333337,488.69600763540916,238823.78787878787,0,0,0,1,1,0,0,0,0.0,444.90909090909093,348.3333333333333,351.8,0,0,0,0,0,0,6,2090,5,1759,-1,1320,2,0,213027.25,1547.090899074775,215252.0,211700.0,2.978688025E7,1.758825153145111E7,4.5035065E7,1.4537542E7,No Label
10.8.8.138-108.160.163.107-36320-443-6,108.160.163.107,443,10.8.8.138,36320,6,25/05/2015 01:55:27 上午,85492564,5,4,554.0,2035.0,277.0,0.0,110.8,151.71914842893102,586.0,277.0,508.75,154.5,30.28333551909848,0.10527231350787421,1.06865705E7,1.953513991814832E7,4.2782161E7,1184.0,8.5218276E7,2.1304569E7,2.4285553891159356E7,4.2782161E7,274481.0,8.5220793E7,2.8406931E7,2.4602988304151855E7,4.3055118E7,2515.0,0,1,0,0,160,128,0.05848461861548567,0.046787694892388536,0.0,586.0,286.6,239.3761335917458,57300.933333333334,0,0,0,1,1,0,0,0,0.0,318.44444444444446,110.8,508.75,0,0,0,0,0,0,5,554,4,2035,-1,1444,2,0,274384.5,136.47160876900367,274481.0,274288.0,4.2334089E7,633669.4993196374,4.2782161E7,4.1886017E7,No Label
173.194.204.188-10.8.8.138-5228-55375-6,10.8.8.138,55375,173.194.204.188,5228,6,25/05/2015 01:55:21 上午,90643595,2,4,0.0,0.0,0.0,0.0,0.0,0.0,0.0,0.0,0.0,0.0,0.0,0.06619331459658015,1.8128719E7,2.452869080975749E7,4.4999903E7,214783.0,4.5215979E7,4.5215979E7,0.0,4.5215979E7,4.5215979E7,9.0643595E7,3.0214531666666668E7,2.5980544476882163E7,4.5215532E7,214783.0,0,0,0,0,64,128,0.022064438198860052,0.044128876397720104,0.0,0.0,0.0,0.0,0.0,0,0,0,0,1,0,0,0,2.0,0.0,0.0,0.0,0,0,0,0,0,0,2,0,4,0,-1,358,0,0,215429.5,914.2890680742059,216076.0,214783.0,4.49985535E7,1908.4812024224918,4.4999903E7,4.4997204E7,No Label
10.8.8.138-104.156.81.217-35198-443-6,10.8.8.138,35198,104.156.81.217,443,6,25/05/2015 01:56:29 上午,119940405,12,12,6062.0,2792.0,1028.0,0.0,505.16666666666663,438.53492311089525,698.0,0.0,232.66666666666666,343.671442814297,73.81999418794692,0.20009937435178746,5214800.217391305,1.1485769324058427E7,2.981645E7,21.0,1.19806914E8,1.0891537636363635E7,1.4909847740242086E7,2.981645E7,60.0,1.19940405E8,1.0903673181818182E7,1.5005483582530687E7,2.9949651E7,40.0,0,1,0,0,384,384,0.10004968717589373,0.10004968717589373,0.0,1028.0,382.0799999999999,406.41490704287247,165173.07666666666,0,0,0,1,1,0,0,0,1.0,398.0,505.1666666666667,232.66666666666666,0,0,0,0,0,0,12,6062,12,2792,-1,83,8,0,255327.0,195209.20445511784,475207.0,43.0,2.9696357E7,126290.14500743942,2.981645E7,2.9570668E7,No Label
209.148.205.35-10.8.8.138-443-42010-6,10.8.8.138,42010,209.148.205.35,443,6,25/05/2015 01:56:29 上午,119895423,1199,8862,0.0,1.1591496E7,0.0,0.0,0.0,0.0,1308.0,1308.0,1308.0,0.0,96680.05425027777,83.91479631378422,11918.03409542741,34499.76558151048,234596.0,2.0,1.1986804E8,100056.79465776286,73123.13827828642,339962.0,39.0,1.19860391E8,13526.734115788262,47063.2922728555,505385.0,7.0,0,0,0,0,38368,283584,10.000381749351684,73.91441456443255,0.0,1308.0,1152.13714967203,423.7844130897234,179593.2287778013,0,0,0,0,1,0,0,0,7.0,1152.251664844449,0.0,1308.0,0,0,0,0,0,0,1199,0,8862,11591496,-1,535,0,0,0,0,0,0,0,0,0,0,No Label
255.255.255.255-10.8.8.138-17500-17500-17,10.8.8.138,17500,255.255.255.255,17500,17,25/05/2015 01:56:30 上午,90238601,3,1,690.0,230.0,230.0,230.0,230.0,0.0,230.0,230.0,230.0,0.0,10.19519351812646,0.044326928339680265,3.0079533666666668E7,1802.382959676809,3.0080838E7,3.0077477E7,6.0161124E7,3.0080562E7,390.32294321497426,3.0080838E7,3.0080286E7,0,0,0,0,0,0,0,0,0,24,8,0.0332451962547602,0.011081732084920066,230.0,230.0,230.0,0.0,0.0,0,0,0,0,0,0,0,0,0.0,287.5,230.0,230.0,0,0,0,0,0,0,3,690,1,230,-1,-1,3,0,0,0,0,0,3.0079533666666668E7,1802.382959676809,3.0080838E7,3.0077477E7,No Label
172.230.99.79-10.8.8.138-443-50673-6,10.8.8.138,50673,172.230.99.79,443,6,25/05/2015 01:56:31 上午,119788235,6,4,2090.0,714.0,1045.0,0.0,348.33333333333337,539.6356795715668,357.0,0.0,178.5,206.11404610069638,23.40797491506574,0.0834806523361831,1.3309803888888888E7,1.8982477893540096E7,4.5031807E7,17.0,1.19788195E8,2.3957639E7,2.0122529828358624E7,4.5031807E7,215140.0,1.05249164E8,3.5083054666666664E7,1.757899474682629E7,4.5244667E7,1.4784585E7,0,1,0,0,192,128,0.050088391401709856,0.03339226093447324,0.0,1045.0,287.3636363636364,407.1904401449702,165804.05454545454,0,0,0,1,1,0,0,0,0.0,316.1,348.3333333333333,178.5,0,0,0,0,0,0,6,2090,4,714,-1,1320,2,0,160923.5,107262.68795345379,215671.0,40.0,2.978613525E7,1.758825503303236E7,4.5031807E7,1.4539071E7,No Label
10.8.8.138-74.125.226.63-57465-443-6,10.8.8.138,57465,74.125.226.63,443,6,25/05/2015 01:56:56 上午,91296654,11,11,887.0,286.0,517.0,0.0,80.63636363636364,154.67725930289348,150.0,0.0,26.0,46.26877997094801,12.848225522043776,0.24097268668794805,4347459.714285714,1.3514715647808833E7,4.4998404E7,26.0,9.0863845E7,9086384.5,1.9040235551044296E7,4.5212739E7,55.0,9.1296654E7,9129665.399999999,1.901820346632563E7,4.5214256E7,29.0,0,0,0,0,352,368,0.12048634334397403,0.12048634334397403,0.0,517.0,51.0,112.77411050414008,12718.0,0,1,0,0,0,0,0,0,1.0,53.31818181818182,80.63636363636364,26.0,0,0,0,0,0,0,11,887,11,286,-1,350,6,0,541997.0,462741.9913169757,869205.0,214789.0,4.49977525E7,921.3601358860715,4.4998404E7,4.4997101E7,No Label
173.194.204.188-10.8.8.138-5228-55375-6,10.8.8.138,55375,173.194.204.188,5228,6,25/05/2015 01:57:37 上午,90643474,2,4,0.0,0.0,0.0,0.0,0.0,0.0,0.0,0.0,0.0,0.0,0.0,0.0661934029580552,1.81286948E7,2.4526863010405544E7,4.4996836E7,215164.0,4.5215911E7,4.5215911E7,0.0,4.5215911E7,4.5215911E7,9.0643474E7,3.0214491333333332E7,2.598017967557646E7,4.5216529E7,215164.0,0,0,0,0,64,128,0.02206446765268507,0.04412893530537014,0.0,0.0,0.0,0.0,0.0,0,0,0,0,1,0,0,0,2.0,0.0,0.0,0.0,0,0,0,0,0,0,2,0,4,0,-1,358,0,0,217428.5,3202.486611993874,219693.0,215164.0,4.4996527E7,436.9919907732864,4.4996836E7,4.4996218E7,No Label
10.8.8.138-108.160.163.107-36320-443-6,108.160.163.107,443,10.8.8.138,36320,6,25/05/2015 01:57:36 上午,106660186,7,5,831.0,2621.0,277.0,0.0,118.71428571428572,148.06272801948313,586.0,277.0,524.2,138.18900100948701,32.36446634360829,0.11250683549342395,9696380.545454545,1.6471910240780577E7,3.9141192E7,1497.0,1.06386264E8,1.7731044E7,1.9292730766716257E7,3.9141192E7,274238.0,1.06388335E8,2.659708375E7,1.803598224945954E7,3.9417656E7,1497.0,0,1,0,0,224,160,0.06562898737116397,0.04687784812225998,0.0,586.0,286.84615384615387,239.37064918721276,57298.30769230769,0,0,0,1,1,0,0,0,0.0,310.75,118.71428571428571,524.2,0,0,0,0,0,0,7,831,5,2621,-1,1444,3,0,274547.3333333333,824.7213670891116,275482.0,273922.0,3.5187024E7,4048448.752246717,3.9141192E7,3.105046E7,No Label
209.148.205.35-10.8.8.138-443-42010-6,10.8.8.138,42010,209.148.205.35,443,6,25/05/2015 01:58:29 上午,119905573,997,7522,0.0,9838776.0,0.0,0.0,0.0,0.0,1308.0,1308.0,1308.0,0.0,82054.36789831278,71.04757341011998,14076.72845738438,42389.34954516197,517767.0,2.0,1.19870269E8,120351.67570281141,94808.34126239567,517784.0,24.0,1.19873106E8,15938.453131232563,60663.666093484964,523897.0,5.0,0,0,0,0,32740,240704,8.314876240156076,62.7326971699639,0.0,1308.0,1154.9394366197184,420.4716775170486,176796.4315940009,0,0,0,0,1,0,0,0,7.0,1155.0750088038503,0.0,1308.0,0,0,0,0,0,0,997,0,7522,9838776,-1,535,0,0,0,0,0,0,0,0,0,0,No Label
255.255.255.255-10.8.8.138-17500-17500-17,10.8.8.138,17500,255.255.255.255,17500,17,25/05/2015 01:58:30 上午,90253227,3,1,690.0,230.0,230.0,230.0,230.0,0.0,230.0,230.0,230.0,0.0,10.193541334538654,0.04431974493277675,3.0084409E7,11570.736493413027,3.0097768E7,3.0077543E7,6.0175684E7,3.0087842E7,14037.483820115342,3.0097768E7,3.0077916E7,0,0,0,0,0,0,0,0,0,24,8,0.03323980869958257,0.011079936233194188,230.0,230.0,230.0,0.0,0.0,0,0,0,0,0,0,0,0,0.0,287.5,230.0,230.0,0,0,0,0,0,0,3,690,1,230,-1,-1,3,0,0,0,0,0,3.0084409E7,11570.736493413027,3.0097768E7,3.0077543E7,No Label
172.230.99.79-10.8.8.138-443-50673-6,10.8.8.138,50673,172.230.99.79,443,6,25/05/2015 01:58:31 上午,119782384,6,4,2090.0,714.0,1045.0,0.0,348.33333333333337,539.6356795715668,357.0,0.0,178.5,206.11404610069638,23.40911832244047,0.08348473010856088,1.3309153777777778E7,1.8989180444282953E7,4.5036452E7,20.0,1.19782335E8,2.3956467E7,2.0135035910828445E7,4.5036452E7,212824.0,1.05243549E8,3.5081183E7,1.7604554705566738E7,4.5250105E7,1.4753195E7,0,1,0,0,192,128,0.05009083806513653,0.03339389204342435,0.0,1045.0,287.3636363636364,407.1904401449702,165804.05454545454,0,0,0,1,1,0,0,0,0.0,316.1,348.3333333333333,178.5,0,0,0,0,0,0,6,2090,4,714,-1,1320,2,0,159189.75,106103.61925141857,213633.0,49.0,2.978640625E7,1.7605480586085144E7,4.5036452E7,1.4538835E7,No Label
10.8.8.138-74.125.226.63-57465-443-6,10.8.8.138,57465,74.125.226.63,443,6,25/05/2015 01:59:12 上午,104358932,2,6,0.0,63.0,0.0,0.0,0.0,0.0,63.0,0.0,10.5,25.71964229922337,0.6036857487196209,0.07665850777392011,1.4908418857142858E7,2.1141931546790462E7,4.4997501E7,242.0,4.5216087E7,4.5216087E7,0.0,4.5216087E7,4.5216087E7,1.04358932E8,2.08717864E7,2.290523980726424E7,4.5215107E7,242.0,0,0,0,0,64,192,0.019164626943480027,0.05749388083044008,0.0,63.0,7.0,21.0,441.0,0,0,0,0,1,0,0,0,3.0,7.875,0.0,10.5,0,0,0,0,0,0,2,0,6,63,-1,350,0,0,216428.0,1871.2453072753449,218586.0,215255.0,3.4569802E7,1.8060455775786586E7,4.4997501E7,1.3715384E7,No Label
10.8.8.138-104.156.81.217-35198-443-6,10.8.8.138,35198,104.156.81.217,443,6,25/05/2015 01:58:29 上午,119818289,13,13,6064.0,3490.0,1028.0,0.0,466.46153846153845,442.63314670740897,698.0,0.0,268.46153846153845,353.4460391121996,79.73740970378906,0.21699525353762983,4792731.56,1.108606650128516E7,2.9802969E7,17.0,1.19818259E8,9984854.916666666,1.4546664642583739E7,2.9802969E7,85.0,1.19818272E8,9984856.0,1.4649293397952117E7,2.9942203E7,20.0,0,1,0,0,416,416,0.10849762676881491,0.10849762676881491,0.0,1028.0,379.70370370370364,402.406875497044,161931.29344729346,0,0,0,1,1,0,0,0,1.0,394.3076923076923,466.46153846153845,268.46153846153845,0,0,0,0,0,0,13,6064,13,3490,-1,83,8,0,206825.0,137868.54160636742,277451.0,30.0,2.96802445E7,140871.73408577472,2.9802969E7,2.9550564E7,No Label
173.194.204.188-10.8.8.138-5228-55375-6,10.8.8.138,55375,173.194.204.188,5228,6,25/05/2015 01:59:53 上午,90661107,2,4,0.0,0.0,0.0,0.0,0.0,0.0,0.0,0.0,0.0,0.0,0.0,0.06618052876852695,1.81322214E7,2.4524906824012782E7,4.4999564E7,216404.0,4.5215968E7,4.5215968E7,0.0,4.5215968E7,4.5215968E7,9.0661107E7,3.0220369E7,2.5977843440001655E7,4.5224706E7,223740.0,0,0,0,0,64,128,0.02206017625617565,0.0441203525123513,0.0,0.0,0.0,0.0,0.0,0,0,0,0,1,0,0,0,2.0,0.0,0.0,0.0,0,0,0,0,0,0,2,0,4,0,-1,358,0,0,220072.0,5187.335346784513,223740.0,216404.0,4.49979105E7,2338.402125383913,4.4999564E7,4.4996257E7,No Label
10.8.8.138-108.160.163.107-36320-443-6,108.160.163.107,443,10.8.8.138,36320,6,25/05/2015 01:59:53 上午,93353789,5,4,554.0,2035.0,277.0,0.0,110.8,151.71914842893102,586.0,277.0,508.75,154.5,27.73320748662917,0.09640744201609214,1.1669223625E7,2.1363183262017593E7,4.7739508E7,3731.0,9.3076539E7,2.326913475E7,2.6571816384154767E7,4.7739508E7,281134.0,9.307637E7,3.1025456666666664E7,2.690657201929949E7,4.8020577E7,3731.0,0,1,0,0,160,128,0.05355969000894007,0.04284775200715206,0.0,586.0,286.6,239.3761335917458,57300.933333333334,0,0,0,1,1,0,0,0,0.0,318.44444444444446,110.8,508.75,0,0,0,0,0,0,5,554,4,2035,-1,1444,2,0,279192.0,2746.4027381285505,281134.0,277250.0,4.6257117E7,2096417.4569398148,4.7739508E7,4.4774726E7,No Label
209.148.205.35-10.8.8.138-443-42010-6,10.8.8.138,42010,209.148.205.35,443,6,25/05/2015 02:00:29 上午,119963785,1107,8384,0.0,1.0966272E7,0.0,0.0,0.0,0.0,1308.0,1308.0,1308.0,0.0,91413.18773828285,79.1155430782715,12641.073234984196,36909.63801682498,251917.0,2.0,1.19927006E8,108433.09764918622,81084.97473360167,339968.0,29.0,1.19926892E8,14305.963497554581,52369.50413489571,513803.0,6.0,0,0,0,0,35928,268288,9.227784868575128,69.88775820969637,0.0,1308.0,1155.455120101142,419.85394326125146,176277.33367202216,0,0,0,0,1,0,0,0,7.0,1155.5768622905912,0.0,1308.0,0,0,0,0,0,0,1107,0,8384,10966272,-1,535,0,0,0,0,0,0,0,0,0,0,No Label
255.255.255.255-10.8.8.138-17500-17500-17,10.8.8.138,17500,255.255.255.255,17500,17,25/05/2015 02:00:31 上午,90234388,3,1,690.0,230.0,230.0,230.0,230.0,0.0,230.0,230.0,230.0,0.0,10.195669526788391,0.04432899794255822,3.0078129333333332E7,10554.34348187197,3.0089084E7,3.0068027E7,6.0157111E7,3.00785555E7,14889.547491445132,3.0089084E7,3.0068027E7,0,0,0,0,0,0,0,0,0,24,8,0.03324674845691866,0.011082249485639555,230.0,230.0,230.0,0.0,0.0,0,0,0,0,0,0,0,0,0.0,287.5,230.0,230.0,0,0,0,0,0,0,3,690,1,230,-1,-1,3,0,0,0,0,0,3.0078129333333332E7,10554.34348187197,3.0089084E7,3.0068027E7,No Label
10.8.8.138-104.156.81.217-35198-443-6,10.8.8.138,35198,104.156.81.217,443,6,25/05/2015 02:00:59 上午,90255251,11,13,5036.0,3820.0,1028.0,0.0,457.81818181818176,426.3045432978209,1028.0,0.0,293.84615384615387,396.13841144938345,98.1217148241048,0.265912506298387,3924141.347826087,1.0193506581525942E7,2.9822541E7,16.0,9.0255195E7,9025519.499999998,1.4242888555286454E7,2.9822541E7,87.0,9.0255235E7,7521269.583333333,1.3436614262974478E7,2.9971117E7,18.0,0,1,0,0,352,416,0.12187656538676071,0.1440359409116263,0.0,1028.0,395.35999999999996,422.17560327427736,178232.24000000002,0,0,0,1,1,0,0,0,1.0,411.8333333333333,457.8181818181818,293.84615384615387,0,0,0,0,0,0,11,5036,13,3820,-1,83,7,0,334817.6666666667,112762.79255292205,464761.0,262670.0,2.9663534333333332E7,258801.2860445893,2.9822541E7,2.9364906E7,No Label
172.230.99.79-10.8.8.138-443-50673-6,10.8.8.138,50673,172.230.99.79,443,6,25/05/2015 02:00:31 上午,119991045,7,5,2090.0,1071.0,1045.0,0.0,298.5714285714286,509.90778811560864,357.0,0.0,214.2,195.5369530293443,26.343632560246476,0.10000746305693062,1.090827681818182E7,1.7804923165034495E7,4.5045337E7,16.0,1.19991022E8,1.9998503666666664E7,2.0453297072976276E7,4.5045337E7,216021.0,1.19991029E8,2.999775725E7,1.7610887743285615E7,4.525657E7,1.4726322E7,0,1,0,0,224,160,0.05833768678320953,0.04166977627372109,0.0,1045.0,270.61538461538464,380.9878691116771,145151.7564102564,0,0,0,1,1,0,0,0,0.0,293.1666666666667,298.57142857142856,214.2,0,0,0,0,0,0,7,2090,5,1071,-1,1320,2,0,159672.75,106456.2408828936,216021.0,23.0,2.9782226E7,1.7615699454938974E7,4.5045337E7,1.4510355E7,No Label
173.194.204.188-10.8.8.138-5228-55375-6,10.8.8.138,55375,173.194.204.188,5228,6,25/05/2015 02:02:08 上午,90643602,2,4,0.0,0.0,0.0,0.0,0.0,0.0,0.0,0.0,0.0,0.0,0.0,0.0661933094847665,1.81287204E7,2.452787479538233E7,4.4998443E7,215067.0,4.5216021E7,4.5216021E7,0.0,4.5216021E7,4.5216021E7,9.0643602E7,3.0214534E7,2.598030052268405E7,4.5214457E7,215067.0,0,0,0,0,64,128,0.02206443649492217,0.04412887298984434,0.0,0.0,0.0,0.0,0.0,0,0,0,0,1,0,0,0,2.0,0.0,0.0,0.0,0,0,0,0,0,0,2,0,4,0,-1,358,0,0,216322.5,1775.5451275594207,217578.0,215067.0,4.4997661E7,1105.9150057757604,4.4998443E7,4.4996879E7,No Label
10.8.8.138-108.160.163.107-36320-443-6,108.160.163.107,443,10.8.8.138,36320,6,25/05/2015 02:02:21 上午,77539679,5,4,554.0,2035.0,277.0,0.0,110.8,151.71914842893102,586.0,277.0,508.75,154.5,33.38935669310676,0.11606960611740473,9692459.875,1.7774974076082513E7,4.1605941E7,985.0,7.7263096E7,1.9315774E7,2.2141434718941964E7,4.1605941E7,272383.0,7.7268281E7,2.5756093666666668E7,2.253846035269979E7,4.1883173E7,3004.0,0,1,0,0,160,128,0.0644831145096693,0.05158649160773544,0.0,586.0,286.6,239.3761335917458,57300.933333333334,0,0,0,1,1,0,0,0,0.0,318.44444444444446,110.8,508.75,0,0,0,0,0,0,5,554,4,2035,-1,1444,2,0,281350.5,6742.26315861373,286118.0,276583.0,3.83522975E7,4601346.764827065,4.1605941E7,3.5098654E7,No Label
209.148.205.35-10.8.8.138-443-42010-6,10.8.8.138,42010,209.148.205.35,443,6,25/05/2015 02:02:29 上午,119972056,1149,7641,0.0,9993120.0,0.0,0.0,0.0,0.0,1308.0,0.0,1307.8288182175115,14.963481262589791,83295.3967213832,73.26706145637782,13650.250995562657,37264.76230527237,258803.0,4.0,1.19906137E8,104447.85452961668,76284.09918517804,315954.0,17.0,1.19888141E8,15692.165052356051,51624.8301495968,483736.0,6.0,0,0,0,0,37440,244512,9.57723021767669,63.689831238701125,0.0,1308.0,1136.744397679446,441.2436897048936,194695.9937043884,0,0,0,0,1,0,0,0,6.0,1136.8737201365188,0.0,1307.8288182175108,0,0,0,0,0,0,1149,0,7641,9993120,-1,535,0,0,0,0,0,0,0,0,0,0,No Label
255.255.255.255-10.8.8.138-17500-17500-17,10.8.8.138,17500,255.255.255.255,17500,17,25/05/2015 02:02:31 上午,90227242,3,1,690.0,230.0,230.0,230.0,230.0,0.0,230.0,230.0,230.0,0.0,10.196477024089909,0.044332508800390906,3.0075747333333332E7,4343.79204536006,3.0080264E7,3.00716E7,6.0155642E7,3.0077821E7,3454.923732877471,3.0080264E7,3.0075378E7,0,0,0,0,0,0,0,0,0,24,8,0.03324938160029318,0.011083127200097726,230.0,230.0,230.0,0.0,0.0,0,0,0,0,0,0,0,0,0.0,287.5,230.0,230.0,0,0,0,0,0,0,3,690,1,230,-1,-1,3,0,0,0,0,0,3.0075747333333332E7,4343.79204536006,3.0080264E7,3.00716E7,No Label
10.8.8.138-104.156.81.217-35198-443-6,10.8.8.138,35198,104.156.81.217,443,6,25/05/2015 02:02:59 上午,90240750,11,13,5034.0,3820.0,1028.0,0.0,457.63636363636374,426.2905752482156,1028.0,0.0,293.84615384615387,396.13841144938345,98.11531929865387,0.2659552364092718,3923510.869565218,1.0220246715531148E7,2.9816183E7,16.0,9.0240619E7,9024061.9,1.4289998784024078E7,2.9816183E7,68.0,9.0240704E7,7520058.666666666,1.3475154040124137E7,2.9949522E7,27.0,0,1,0,0,352,416,0.12189615002091626,0.14405908638835557,0.0,1028.0,395.28,422.15740745208615,178216.87666666668,0,0,0,1,1,0,0,0,1.0,411.75,457.6363636363636,293.84615384615387,0,0,0,0,0,0,11,5034,13,3820,-1,83,7,0,261631.66666666666,2767.1997277633095,264630.0,259176.0,2.9731338333333332E7,145695.2957247877,2.9816183E7,2.9563106E7,No Label
172.230.99.79-10.8.8.138-443-50673-6,10.8.8.138,50673,172.230.99.79,443,6,25/05/2015 02:03:16 上午,119999999,6,5,2090.0,714.0,1045.0,0.0,348.3333333333333,539.6356795715667,357.0,0.0,142.8,195.5369530293443,23.36666686138889,0.09166666743055556,1.19999999E7,1.837519797427433E7,4.5041366E7,49.0,1.052768E8,2.105536E7,2.2682147356899686E7,4.5041366E7,211573.0,7.4958584E7,1.8739646E7,1.8952265536996044E7,4.52464E7,217210.0,0,0,0,0,192,160,0.05000000041666667,0.04166666701388889,0.0,1045.0,233.66666666666669,402.68944346579025,162158.78787878787,0,0,0,0,1,0,0,0,0.0,254.9090909090909,348.3333333333333,142.8,0,0,0,0,0,0,6,2090,5,714,-1,1320,2,0,219086.0,10484.25343074079,234404.0,211573.0,2.978091375E7,1.7616540578511424E7,4.5041366E7,1.4505989E7,No Label
10.8.8.138-108.160.163.107-36320-443-6,108.160.163.107,443,10.8.8.138,36320,6,25/05/2015 02:04:27 上午,80643667,6,3,591.0,1449.0,277.0,0.0,98.5,139.00611497340685,586.0,277.0,483.0,178.40123317959436,25.29646872332827,0.11160206789703649,1.0080458375E7,1.8543865693769816E7,4.2584022E7,27.0,8.0362794E7,1.60725588E7,2.1956430066415846E7,4.2584022E7,27.0,3.7787889E7,1.88939445E7,2.6714725417145215E7,3.7784108E7,3781.0,0,1,0,0,192,96,0.07440137859802433,0.037200689299012164,0.0,586.0,231.70000000000002,225.6418253190958,50914.23333333334,0,0,0,1,1,0,0,0,0.0,257.44444444444446,98.5,483.0,0,0,0,0,0,0,6,591,3,1449,-1,1444,3,0,278096.5,3926.5639559288984,280873.0,275320.0,4.00436795E7,3592586.816572774,4.2584022E7,3.7503337E7,No Label
209.148.205.35-10.8.8.138-443-42010-6,10.8.8.138,42010,209.148.205.35,443,6,25/05/2015 02:04:30 上午,119958978,1205,7678,0.0,1.0042824E7,0.0,0.0,0.0,0.0,1308.0,1308.0,1308.0,0.0,83718.81927837031,74.05031409987504,13505.852060346777,34649.78901150137,221638.0,3.0,1.19910328E8,99593.29568106317,67968.40071989012,291997.0,33.0,1.19958949E8,15625.758629673031,48869.89248539527,415871.0,7.0,0,0,0,0,39172,245696,10.04510058430141,64.00521351557363,0.0,1308.0,1130.5866726699649,447.8880705840227,200603.72377147852,0,0,0,0,1,0,0,0,6.0,1130.7139479905438,0.0,1308.0,0,0,0,0,0,0,1205,0,7678,10042824,-1,535,0,0,0,0,0,0,0,0,0,0,No Label
255.255.255.255-10.8.8.138-17500-17500-17,10.8.8.138,17500,255.255.255.255,17500,17,25/05/2015 02:04:31 上午,90246904,3,1,690.0,230.0,230.0,230.0,230.0,0.0,230.0,230.0,230.0,0.0,10.19425552814532,0.04432285012237096,3.0082301333333332E7,9018.50665760875,3.0091208E7,3.0073175E7,6.0164383E7,3.00821915E7,12751.256585137011,3.0091208E7,3.0073175E7,0,0,0,0,0,0,0,0,0,24,8,0.033242137591778215,0.01108071253059274,230.0,230.0,230.0,0.0,0.0,0,0,0,0,0,0,0,0,0.0,287.5,230.0,230.0,0,0,0,0,0,0,3,690,1,230,-1,-1,3,0,0,0,0,0,3.0082301333333332E7,9018.50665760875,3.0091208E7,3.0073175E7,No Label
10.8.8.138-74.125.226.40-53305-443-6,10.8.8.138,53305,74.125.226.40,443,6,25/05/2015 02:04:22 上午,91282572,12,11,887.0,286.0,517.0,0.0,73.91666666666667,149.3047270355213,150.0,0.0,26.0,46.26877997094801,12.850207594939372,0.2519648548027328,4149207.818181819,1.3222103713652773E7,4.4999288E7,26.0,9.0870481E7,8260952.818181818,1.826727062846999E7,4.5211955E7,121.0,9.1282572E7,9128257.2,1.90144093038574E7,4.5205226E7,74.0,0,0,0,0,384,368,0.13145992424490405,0.12050493055782871,0.0,517.0,48.875,110.78546149319806,12273.41847826087,0,1,0,0,0,0,0,0,0.0,51.0,73.91666666666667,26.0,0,0,0,0,0,0,12,887,11,286,-1,350,6,0,539029.0,471614.7672073045,872511.0,205547.0,4.49988765E7,581.9488809165287,4.4999288E7,4.4998465E7,No Label
173.194.204.188-10.8.8.138-5228-55375-6,10.8.8.138,55375,173.194.204.188,5228,6,25/05/2015 02:04:24 上午,90639288,2,4,0.0,0.0,0.0,0.0,0.0,0.0,0.0,0.0,0.0,0.0,0.0,0.0661964599721922,1.81278576E7,2.452772351412283E7,4.4997128E7,214823.0,4.5211951E7,4.5211951E7,0.0,4.5211951E7,4.5211951E7,9.0639288E7,3.0213096E7,2.59783502434231E7,4.5212447E7,215881.0,0,0,0,0,64,128,0.0220654866573974,0.0441309733147948,0.0,0.0,0.0,0.0,0.0,0,0,0,0,1,0,0,0,2.0,0.0,0.0,0.0,0,0,0,0,0,0,2,0,4,0,-1,358,0,0,215352.0,748.1189744953673,215881.0,214823.0,4.49966325E7,700.7428201558686,4.4997128E7,4.4996137E7,No Label
10.8.8.138-104.156.81.217-35198-443-6,10.8.8.138,35198,104.156.81.217,443,6,25/05/2015 02:04:59 上午,119949564,13,15,6556.0,3820.0,1028.0,0.0,504.30769230769226,419.8732714791025,1028.0,0.0,254.66666666666669,381.04867830514155,86.50302388760663,0.2334314445694859,4442576.444444445,1.0729270718329603E7,2.981725E7,14.0,1.19816719E8,9984726.583333332,1.4553098957944859E7,2.981725E7,107.0,1.19949564E8,8567826.0,1.3950817592204805E7,2.9954922E7,14.0,0,1,0,0,416,480,0.10837888497868989,0.125052559590796,0.0,1028.0,393.2413793103449,422.56120902119983,178557.97536945814,0,0,0,1,1,0,0,0,1.0,407.2857142857143,504.3076923076923,254.66666666666666,0,0,0,0,0,0,13,6556,15,3820,-1,83,9,0,265314.0,7446.444475945104,274603.0,258223.0,2.968886325E7,142553.67749582414,2.981725E7,2.9562601E7,No Label
10.8.8.138-74.125.226.40-53306-443-6,10.8.8.138,53306,74.125.226.40,443,6,25/05/2015 02:04:53 上午,91324195,11,11,751.0,282.0,517.0,0.0,68.27272727272727,150.70971495500277,146.0,0.0,25.636363636363637,45.20016090075948,11.31135073240996,0.240900015598276,4348771.190476191,1.3514562320487522E7,4.4999459E7,4.0,9.0897934E7,9089793.399999999,1.9049121108829413E7,4.5253159E7,54.0,9.1324195E7,9132419.5,1.9016008390483197E7,4.5213988E7,4.0,0,0,0,0,352,368,0.120450007799138,0.120450007799138,0.0,517.0,44.91304347826088,108.6428314346344,11803.264822134386,0,1,0,0,0,0,0,0,1.0,46.95454545454545,68.27272727272727,25.636363636363637,0,0,0,0,0,0,11,751,11,282,-1,341,6,0,557169.5,484566.84211829846,899810.0,214529.0,4.49984545E7,1420.577523403774,4.4999459E7,4.499745E7,No Label
172.230.99.79-10.8.8.138-443-50673-6,10.8.8.138,50673,172.230.99.79,443,6,25/05/2015 02:05:16 上午,119788360,6,4,2090.0,714.0,1045.0,0.0,348.3333333333333,539.6356795715667,357.0,0.0,178.5,206.11404610069638,23.407950488678534,0.08348056522353257,1.3309817777777778E7,1.89877124208762E7,4.504476E7,21.0,1.0527276E8,2.1054552E7,2.268067941456413E7,4.504476E7,217059.0,7.4743579E7,2.4914526333333332E7,1.759957943167593E7,4.5236756E7,1.4732622E7,0,0,0,0,192,128,0.050088339134119544,0.03339222608941303,0.0,1045.0,254.90909090909088,415.2328153085819,172418.2909090909,0,0,0,0,1,0,0,0,0.0,280.4,348.3333333333333,178.5,0,0,0,0,0,0,6,2090,4,714,-1,1320,2,0,219048.0,7178.236761210931,227011.0,213074.0,2.9782804E7,1.7610804897112474E7,4.504476E7,1.45156E7,No Label
10.8.8.138-74.125.226.40-53305-443-6,10.8.8.138,53305,74.125.226.40,443,6,25/05/2015 02:06:38 上午,104343377,3,6,0.0,63.0,0.0,0.0,0.0,0.0,63.0,0.0,10.5,25.71964229922337,0.603775743236679,0.08625367760523986,1.3042922125E7,2.0275579217220556E7,4.5003586E7,13.0,5.9131423E7,2.95657115E7,2.2115922115410075E7,4.520403E7,1.3927393E7,1.04343377E8,2.08686754E7,2.2902551238342743E7,4.520869E7,38.0,0,0,0,0,96,192,0.028751225868413288,0.057502451736826575,0.0,63.0,6.3,19.922349259060788,396.9,0,0,0,0,1,0,0,0,2.0,7.0,0.0,10.5,0,0,0,0,0,0,3,0,6,63,-1,350,0,0,206407.66666666666,1718.4237932865494,208355.0,205104.0,3.4574705333333336E7,1.8059315652665284E7,4.5003586E7,1.3721604E7,No Label
10.8.8.138-108.160.163.110-32809-443-6,10.8.8.138,32809,108.160.163.110,443,6,25/05/2015 02:05:48 上午,103266721,10,13,1962.0,4741.0,586.0,0.0,196.2,272.4578662635544,1308.0,0.0,364.6923076923077,547.8853871348435,64.90958495719062,0.22272422109732717,4693941.863636363,1.4935479396604026E7,5.3017119E7,22.0,1.02717997E8,1.1413110777777778E7,2.2517534908752423E7,5.3328067E7,71.0,1.03266721E8,8605560.083333334,1.972655176934886E7,5.3017119E7,63.0,0,0,0,0,320,432,0.09683661786840311,0.12588760322892406,0.0,1308.0,279.2916666666666,442.9201006724691,196178.21557971017,0,1,0,0,0,0,0,0,1.0,291.4347826086956,196.2,364.6923076923077,0,0,0,0,0,0,10,1962,13,4741,-1,38,5,0,709436.0,612536.9060570963,1142565.0,276307.0,5.0787581E7,3153042.8774261856,5.3017119E7,4.8558043E7,No Label
209.148.205.35-10.8.8.138-443-42010-6,10.8.8.138,42010,209.148.205.35,443,6,25/05/2015 02:06:30 上午,119978095,1198,8624,0.0,1.1280192E7,0.0,0.0,0.0,0.0,1308.0,1308.0,1308.0,0.0,94018.76234157577,81.86494376327613,12216.484573872356,34227.53568707617,313399.0,5.0,1.19913693E8,100178.52380952383,70747.72028950958,313399.0,83.0,1.19978095E8,13913.730140322436,48541.716907985305,583699.0,5.0,0,0,0,0,38336,275968,9.985156040358868,71.87978772291726,0.0,1308.0,1148.4780616919456,428.04917856389073,183226.0992692216,0,0,0,0,1,0,0,0,7.0,1148.5949908368968,0.0,1308.0,0,0,0,0,0,0,1198,0,8624,11280192,-1,535,0,0,0,0,0,0,0,0,0,0,No Label
255.255.255.255-10.8.8.138-17500-17500-17,10.8.8.138,17500,255.255.255.255,17500,17,25/05/2015 02:06:32 上午,90247758,3,1,690.0,230.0,230.0,230.0,230.0,0.0,230.0,230.0,230.0,0.0,10.19415906154699,0.04432243070237822,3.0082586E7,11674.01781735834,3.0092884E7,3.0069904E7,6.0162788E7,3.0081394E7,16249.313831666863,3.0092884E7,3.0069904E7,0,0,0,0,0,0,0,0,0,24,8,0.03324182302678367,0.011080607675594555,230.0,230.0,230.0,0.0,0.0,0,0,0,0,0,0,0,0,0.0,287.5,230.0,230.0,0,0,0,0,0,0,3,690,1,230,-1,-1,3,0,0,0,0,0,3.0082586E7,11674.01781735834,3.0092884E7,3.0069904E7,No Label
173.194.204.188-10.8.8.138-5228-55375-6,10.8.8.138,55375,173.194.204.188,5228,6,25/05/2015 02:06:40 上午,86711090,3,4,33.0,33.0,33.0,0.0,11.0,19.05255888325765,33.0,0.0,8.25,16.5,0.7611483144774215,0.0807278515354841,1.4451848333333332E7,2.2178426476990003E7,4.5142329E7,9.0,4.535793E7,2.2678965E7,3.1767994025323536E7,4.5142329E7,215601.0,8.671109E7,2.8903696666666668E7,2.493337831998216E7,4.5357476E7,216401.0,0,0,0,0,96,128,0.03459765065806462,0.04613020087741949,0.0,33.0,8.25,15.2760316462471,233.35714285714286,0,0,0,0,1,0,0,0,1.0,9.428571428571429,11.0,8.25,0,0,0,0,0,0,3,33,4,33,-1,358,1,0,216001.0,565.685424949238,216401.0,215601.0,4.3031975E7,2984491.2482083105,4.5142329E7,4.0921621E7,No Label
10.8.8.138-74.125.226.40-53306-443-6,10.8.8.138,53306,74.125.226.40,443,6,25/05/2015 02:07:09 上午,104322216,2,6,0.0,63.0,0.0,0.0,0.0,0.0,63.0,0.0,10.5,25.71964229922337,0.6038982147388434,0.07668548758588488,1.4903173714285715E7,2.1143392875542402E7,4.4998259E7,69.0,4.5212055E7,4.5212055E7,0.0,4.5212055E7,4.5212055E7,1.04322216E8,2.08644432E7,2.2907472986993548E7,4.5213857E7,69.0,0,0,0,0,64,192,0.01917137189647122,0.057514115689413656,0.0,63.0,7.0,21.0,441.0,0,0,0,0,1,0,0,0,3.0,7.875,0.0,10.5,0,0,0,0,0,0,2,0,6,63,-1,341,0,0,214530.33333333334,946.1153911301377,215598.0,213796.0,3.4559518666666664E7,1.807998089106602E7,4.4998259E7,1.3682555E7,No Label
10.8.8.138-104.156.81.217-35198-443-6,10.8.8.138,35198,104.156.81.217,443,6,25/05/2015 02:06:59 上午,119953485,12,12,6068.0,2792.0,1028.0,0.0,505.6666666666667,438.51346684686956,698.0,0.0,232.66666666666666,343.671442814297,73.86196407715875,0.200077555062281,5215368.9130434785,1.151313584199957E7,2.9823612E7,15.0,1.19818975E8,1.089263409090909E7,1.4955586439484516E7,2.9823612E7,107.0,1.19953485E8,1.0904862272727273E7,1.5051653033867996E7,2.9958017E7,30.0,0,1,0,0,384,384,0.1000387775311405,0.1000387775311405,0.0,1028.0,382.32000000000005,406.4800856130592,165226.05999999994,0,0,0,1,1,0,0,0,1.0,398.25,505.6666666666667,232.66666666666666,0,0,0,0,0,0,12,6068,12,2792,-1,83,8,0,199119.5,132875.8025940013,274201.0,25.0,2.975556925E7,132945.55025617295,2.9823612E7,2.955616E7,No Label
172.230.99.79-10.8.8.138-443-50673-6,10.8.8.138,50673,172.230.99.79,443,6,25/05/2015 02:07:16 上午,119988286,8,6,3135.0,1071.0,1045.0,0.0,391.875,540.8388821345701,357.0,0.0,178.5,195.5369530293443,35.0534217981912,0.11667805638960456,9229868.153846154,1.6637994851272581E7,4.5046125E7,50.0,1.05269685E8,1.503852642857143E7,2.09803726239087E7,4.5046125E7,213709.0,1.19988286E8,2.39976572E7,2.000169370836977E7,4.5257299E7,1935548.0,0,0,0,0,256,192,0.06667317507977404,0.05000488130983053,0.0,1045.0,280.40000000000003,420.80361894152685,177075.68571428573,0,0,0,0,1,0,0,0,0.0,300.42857142857144,391.875,178.5,0,0,0,0,0,0,8,3135,6,1071,-1,1320,3,0,857972.0,1118587.202401762,2149604.0,210603.0,2.93008115E7,1.8184557554549713E7,4.5046125E7,1.2625692E7,No Label
255.255.255.255-10.8.8.138-17500-17500-17,10.8.8.138,17500,255.255.255.255,17500,17,25/05/2015 02:08:32 上午,90251467,3,1,690.0,230.0,230.0,230.0,230.0,0.0,230.0,230.0,230.0,0.0,10.193740119481935,0.04432060921513885,3.0083822333333332E7,2481.091963900841,3.0086291E7,3.0081329E7,6.0165176E7,3.0082588E7,1780.4948750277267,3.0083847E7,3.0081329E7,0,0,0,0,0,0,0,0,0,24,8,0.03324045691135414,0.011080152303784712,230.0,230.0,230.0,0.0,0.0,0,0,0,0,0,0,0,0,0.0,287.5,230.0,230.0,0,0,0,0,0,0,3,690,1,230,-1,-1,3,0,0,0,0,0,3.0083822333333332E7,2481.091963900841,3.0086291E7,3.0081329E7,No Label
209.148.205.35-10.8.8.138-443-42010-6,10.8.8.138,42010,209.148.205.35,443,6,25/05/2015 02:08:30 上午,95010236,720,5493,0.0,7182912.0,0.0,0.0,0.0,0.0,1308.0,0.0,1307.6482796286177,19.552348526249485,75601.45414226736,65.39295408128446,15294.629104958181,106849.02338237702,6716506.0,4.0,9.4794681E7,131842.39360222543,298217.66021275177,6716506.0,23.0,8.2191339E7,14965.648033503281,56446.322229101104,532020.0,7.0,0,0,0,0,24216,175776,7.578130844764979,57.81482323651948,0.0,1308.0,1155.9240424847121,419.2229143871023,175747.8519472157,0,0,0,0,1,0,0,0,7.0,1156.1100917431193,0.0,1307.6482796286182,0,0,0,0,0,0,720,0,5493,7182912,-1,535,0,0,8.829373E7,0.0,8.829373E7,8.829373E7,6716506.0,0.0,6716506.0,6716506.0,No Label
10.8.8.138-23.235.37.217-33646-443-6,10.8.8.138,33646,23.235.37.217,443,6,25/05/2015 01:48:29 上午,17843951,8,6,330.0,4038.0,204.0,0.0,41.25,79.17385932237988,1308.0,0.0,673.0,656.5238761842558,244.78883628407183,0.7845796034745892,1372611.6153846155,4813656.550602559,1.7392322E7,20.0,1.771191E7,2530272.857142857,6553950.096260077,1.7392322E7,89.0,411735.0,82347.0,75108.27122561136,143045.0,130.0,0,0,0,0,256,208,0.44833120198547954,0.33624840148910967,0.0,1308.0,291.2,511.17668178429267,261301.6,0,1,0,0,0,0,0,0,0.0,312.0,41.25,673.0,0,0,0,0,0,0,8,330,6,4038,-1,31,2,0,451629.0,0.0,451629.0,451629.0,1.7392322E7,0.0,1.7392322E7,1.7392322E7,No Label
10.8.8.138-74.125.226.35-54653-443-6,10.8.8.138,54653,74.125.226.35,443,6,25/05/2015 01:52:18 上午,206501,0,2,0.0,0.0,0,0,0,0,0.0,0.0,0.0,0.0,0.0,9.685183122599891,206501.0,0.0,206501.0,206501.0,0,0,0,0,0,206501.0,206501.0,0.0,206501.0,206501.0,0,0,0,0,0,64,0.0,9.685183122599891,0.0,0.0,0.0,0.0,0.0,1,0,0,0,1,0,0,0,0.0,0.0,0.0,0.0,0,0,0,0,0,0,0,0,2,0,-1,538,0,0,0,0,0,0,0,0,0,0,No Label
131.202.244.3-10.8.8.138-53-34367-17,10.8.8.138,34367,131.202.244.3,53,17,25/05/2015 02:05:48 上午,249480,0,2,0.0,74.0,0,0,0,0,37.0,37.0,37.0,0.0,296.61696328362996,8.01667468334135,249480.0,0.0,249480.0,249480.0,0,0,0,0,0,249480.0,249480.0,0.0,249480.0,249480.0,0,0,0,0,0,16,0.0,8.01667468334135,37.0,37.0,37.0,0.0,0.0,0,0,0,0,0,0,0,0,0.0,55.5,0.0,37.0,0,0,0,0,0,0,0,0,2,74,-1,-1,0,0,0,0,0,0,0,0,0,0,No Label
131.202.244.3-10.8.8.138-53-9734-17,10.8.8.138,9734,131.202.244.3,53,17,25/05/2015 01:51:39 上午,250909,0,2,0.0,82.0,0,0,0,0,41.0,41.0,41.0,0.0,326.81171261293935,7.971017380803399,250909.0,0.0,250909.0,250909.0,0,0,0,0,0,250909.0,250909.0,0.0,250909.0,250909.0,0,0,0,0,0,16,0.0,7.971017380803399,41.0,41.0,41.0,0.0,0.0,0,0,0,0,0,0,0,0,0.0,61.5,0.0,41.0,0,0,0,0,0,0,0,0,2,82,-1,-1,0,0,0,0,0,0,0,0,0,0,No Label
10.8.8.138-74.125.29.95-39514-443-6,10.8.8.138,39514,74.125.29.95,443,6,25/05/2015 01:50:40 上午,215259,0,2,0.0,0.0,0,0,0,0,0.0,0.0,0.0,0.0,0.0,9.291133007214565,215259.0,0.0,215259.0,215259.0,0,0,0,0,0,215259.0,215259.0,0.0,215259.0,215259.0,0,0,0,0,0,64,0.0,9.291133007214565,0.0,0.0,0.0,0.0,0.0,1,0,0,0,1,0,0,0,0.0,0.0,0.0,0.0,0,0,0,0,0,0,0,0,2,0,-1,350,0,0,0,0,0,0,0,0,0,0,No Label
10.8.8.138-104.156.81.217-35238-443-6,10.8.8.138,35238,104.156.81.217,443,6,25/05/2015 02:10:42 上午,447074,7,6,358.0,4038.0,232.0,0.0,51.142857142857146,92.54805701441201,1308.0,0.0,673.0,656.5238761842558,9832.824096234628,29.077960248191573,37256.16666666666,59576.617646116116,137419.0,13.0,314983.0,52497.166666666664,80211.88145260443,172615.0,284.0,408015.0,81603.0,74258.11189021709,137820.0,284.0,0,0,0,0,224,208,15.657363210564693,13.42059703762688,0.0,1308.0,314.00000000000006,523.4536200158446,274003.69230769225,0,1,0,0,0,0,0,0,0.0,338.15384615384613,51.142857142857146,673.0,0,0,0,0,0,0,7,358,6,4038,-1,31,2,0,0,0,0,0,0,0,0,0,No Label
209.148.205.35-10.8.8.138-443-42011-6,209.148.205.35,443,10.8.8.138,42011,6,25/05/2015 01:48:40 上午,38,0,2,0.0,0.0,0,0,0,0,0.0,0.0,0.0,0.0,0.0,52631.57894736842,38.0,0.0,38.0,38.0,0,0,0,0,0,38.0,38.0,0.0,38.0,38.0,0,0,0,0,0,64,0.0,52631.57894736842,0.0,0.0,0.0,0.0,0.0,1,0,0,0,1,0,0,0,0.0,0.0,0.0,0.0,0,0,0,0,0,0,0,0,2,0,-1,229,0,0,0,0,0,0,0,0,0,0,No Label
10.8.8.138-23.235.40.143-39901-443-6,10.8.8.138,39901,23.235.40.143,443,6,25/05/2015 02:10:33 上午,941148,14,17,726.0,17879.0,398.0,0.0,51.85714285714287,116.82851149826868,1308.0,0.0,1051.7058823529412,487.3914962206822,19768.410494417458,32.938496389515784,31371.599999999995,76234.91617796972,223892.0,15.0,717177.0,55167.46153846153,102851.81474789786,260727.0,49.0,903399.0,56462.43749999999,100164.57874582794,228391.0,52.0,0,0,0,0,448,560,14.875449982361967,18.063046407153816,0.0,1308.0,581.4062500000001,622.230061144538,387170.2489919356,0,1,0,0,0,0,0,0,1.0,600.1612903225806,51.857142857142854,1051.7058823529412,0,0,0,0,0,0,14,726,17,17879,-1,33,3,0,0,0,0,0,0,0,0,0,No Label
192.0.77.2-10.8.8.138-443-48309-6,10.8.8.138,48309,192.0.77.2,443,6,25/05/2015 01:51:13 上午,131608,0,2,0.0,0.0,0,0,0,0,0.0,0.0,0.0,0.0,0.0,15.196644580876542,131608.0,0.0,131608.0,131608.0,0,0,0,0,0,131608.0,131608.0,0.0,131608.0,131608.0,0,0,0,0,0,40,0.0,15.196644580876542,0.0,0.0,0.0,0.0,0.0,1,0,0,0,1,0,0,0,0.0,0.0,0.0,0.0,0,0,0,0,0,0,0,0,2,0,-1,89,0,0,0,0,0,0,0,0,0,0,No Label
10.8.8.138-108.160.163.110-32809-443-6,10.8.8.138,32809,108.160.163.110,443,6,25/05/2015 02:08:24 上午,96299765,3,6,1758.0,831.0,586.0,586.0,586.0,0.0,277.0,0.0,138.5,151.71914842893102,26.88480080922316,0.09345817199034702,1.2037470625E7,2.212651442395084E7,5.151946E7,3019.0,9.6024244E7,4.8012122E7,5350798.635604969,5.1795708E7,4.4228536E7,9.6299765E7,1.9259953E7,2.6132168175088335E7,5.151946E7,274903.0,0,1,0,0,96,192,0.03115272399678234,0.06230544799356468,0.0,586.0,286.6,239.3761335917458,57300.933333333334,0,0,0,1,1,0,0,0,2.0,318.44444444444446,586.0,138.5,0,0,0,0,0,0,3,1758,6,831,-1,45,3,0,276540.5,1000.5560953789648,277248.0,275833.0,4.77358905E7,5350775.30108119,5.151946E7,4.3952321E7,No Label
10.8.8.138-74.125.226.41-40427-443-17,10.8.8.138,40427,74.125.226.41,443,17,25/05/2015 01:51:39 上午,470246,7,6,3890.0,6412.0,1350.0,37.0,555.7142857142858,589.702951856756,1350.0,32.0,1068.6666666666667,528.9864522524813,21907.682361997762,27.64510490254037,39187.166666666664,65593.42179716351,207427.0,34.0,251656.0,41942.66666666667,63627.53803084532,164502.0,94.0,444754.0,88950.8,88122.81731878527,207427.0,34.0,0,0,0,0,56,48,14.885825716752509,12.759279185787864,32.0,1350.0,832.2857142857142,596.4224662449917,355719.7582417583,0,0,0,0,0,0,0,0,0.0,896.3076923076923,555.7142857142857,1068.6666666666667,0,0,0,0,0,0,7,3890,6,6412,-1,-1,7,0,0,0,0,0,0,0,0,0,No Label
10.8.8.138-74.125.226.40-53305-443-6,10.8.8.138,53305,74.125.226.40,443,6,25/05/2015 02:08:22 上午,204878,0,2,0.0,0.0,0,0,0,0,0.0,0.0,0.0,0.0,0.0,9.761907086168353,204878.0,0.0,204878.0,204878.0,0,0,0,0,0,204878.0,204878.0,0.0,204878.0,204878.0,0,0,0,0,0,64,0.0,9.761907086168353,0.0,0.0,0.0,0.0,0.0,1,0,0,0,1,0,0,0,0.0,0.0,0.0,0.0,0,0,0,0,0,0,0,0,2,0,-1,350,0,0,0,0,0,0,0,0,0,0,No Label
172.230.99.79-10.8.8.138-443-50697-6,10.8.8.138,50697,172.230.99.79,443,6,25/05/2015 01:48:27 上午,197710,1,2,0.0,0.0,0.0,0.0,0.0,0.0,0.0,0.0,0.0,0.0,0.0,15.173739315158565,98855.0,139776.6258642696,197692.0,18.0,0,0,0,0,0,197692.0,197692.0,0.0,197692.0,197692.0,0,0,0,0,20,52,5.057913105052855,10.11582621010571,0.0,0.0,0.0,0.0,0.0,0,0,1,0,0,0,0,0,2.0,0.0,0.0,0.0,0,0,0,0,0,0,1,0,2,0,-1,486,0,0,0,0,0,0,0,0,0,0,No Label
131.202.244.3-10.8.8.138-53-25819-17,10.8.8.138,25819,131.202.244.3,53,17,25/05/2015 02:04:22 上午,250865,0,2,0.0,74.0,0,0,0,0,37.0,37.0,37.0,0.0,294.9793713750424,7.972415442568712,250865.0,0.0,250865.0,250865.0,0,0,0,0,0,250865.0,250865.0,0.0,250865.0,250865.0,0,0,0,0,0,16,0.0,7.972415442568712,37.0,37.0,37.0,0.0,0.0,0,0,0,0,0,0,0,0,0.0,55.5,0.0,37.0,0,0,0,0,0,0,0,0,2,74,-1,-1,0,0,0,0,0,0,0,0,0,0,No Label
173.194.204.188-10.8.8.138-5228-55375-6,10.8.8.138,55375,173.194.204.188,5228,6,25/05/2015 02:08:51 上午,90650114,2,4,0.0,0.0,0.0,0.0,0.0,0.0,0.0,0.0,0.0,0.0,0.0,0.06618855437953448,1.81300228E7,2.4526143111014843E7,4.4997208E7,214832.0,4.521204E7,4.521204E7,0.0,4.521204E7,4.521204E7,9.0650114E7,3.0216704666666668E7,2.5982175817783475E7,4.5223285E7,215073.0,0,0,0,0,64,128,0.022062851459844827,0.044125702919689654,0.0,0.0,0.0,0.0,0.0,0,0,0,0,1,0,0,0,2.0,0.0,0.0,0.0,0,0,0,0,0,0,2,0,4,0,-1,358,0,0,214952.5,170.41273426595797,215073.0,214832.0,4.4997066E7,200.8183258569795,4.4997208E7,4.4996924E7,No Label
10.8.8.138-74.125.226.35-54672-443-6,10.8.8.138,54672,74.125.226.35,443,6,25/05/2015 01:49:49 上午,213917,0,2,0.0,0.0,0,0,0,0,0.0,0.0,0.0,0.0,0.0,9.349420569660195,213917.0,0.0,213917.0,213917.0,0,0,0,0,0,213917.0,213917.0,0.0,213917.0,213917.0,0,0,0,0,0,64,0.0,9.349420569660195,0.0,0.0,0.0,0.0,0.0,1,0,0,0,1,0,0,0,0.0,0.0,0.0,0.0,0,0,0,0,0,0,0,0,2,0,-1,350,0,0,0,0,0,0,0,0,0,0,No Label
10.8.8.138-74.125.226.40-53306-443-6,10.8.8.138,53306,74.125.226.40,443,6,25/05/2015 02:08:53 上午,213391,0,2,0.0,0.0,0,0,0,0,0.0,0.0,0.0,0.0,0.0,9.372466505147827,213391.0,0.0,213391.0,213391.0,0,0,0,0,0,213391.0,213391.0,0.0,213391.0,213391.0,0,0,0,0,0,64,0.0,9.372466505147827,0.0,0.0,0.0,0.0,0.0,1,0,0,0,1,0,0,0,0.0,0.0,0.0,0.0,0,0,0,0,0,0,0,0,2,0,-1,341,0,0,0,0,0,0,0,0,0,0,No Label
131.202.244.3-10.8.8.138-53-15780-17,10.8.8.138,15780,131.202.244.3,53,17,25/05/2015 01:56:56 上午,254623,0,2,0.0,66.0,0,0,0,0,33.0,33.0,33.0,0.0,259.20674880116877,7.8547499636717815,254623.0,0.0,254623.0,254623.0,0,0,0,0,0,254623.0,254623.0,0.0,254623.0,254623.0,0,0,0,0,0,16,0.0,7.8547499636717815,33.0,33.0,33.0,0.0,0.0,0,0,0,0,0,0,0,0,0.0,49.5,0.0,33.0,0,0,0,0,0,0,0,0,2,66,-1,-1,0,0,0,0,0,0,0,0,0,0,No Label
10.8.8.138-23.235.40.143-39902-443-6,10.8.8.138,39902,23.235.40.143,443,6,25/05/2015 02:10:33 上午,1328339,2,3,0.0,0.0,0.0,0.0,0.0,0.0,0.0,0.0,0.0,0.0,0.0,3.7640993752347858,332084.75,527141.4310204141,1107200.0,20.0,1107220.0,1107220.0,0.0,1107220.0,1107220.0,1328319.0,664159.5,626650.0503027986,1107268.0,221051.0,0,0,0,0,64,120,1.5056397500939143,2.2584596251408717,0.0,0.0,0.0,0.0,0.0,0,1,0,0,0,0,0,0,1.0,0.0,0.0,0.0,0,0,0,0,0,0,2,0,3,0,-1,14480,0,0,0,0,0,0,0,0,0,0,No Label
10.8.8.138-74.125.226.72-39606-443-6,10.8.8.138,39606,74.125.226.72,443,6,25/05/2015 01:55:40 上午,207193,0,2,0.0,0.0,0,0,0,0,0.0,0.0,0.0,0.0,0.0,9.652835761825932,207193.0,0.0,207193.0,207193.0,0,0,0,0,0,207193.0,207193.0,0.0,207193.0,207193.0,0,0,0,0,0,64,0.0,9.652835761825932,0.0,0.0,0.0,0.0,0.0,1,0,0,0,1,0,0,0,0.0,0.0,0.0,0.0,0,0,0,0,0,0,0,0,2,0,-1,350,0,0,0,0,0,0,0,0,0,0,No Label
10.8.8.138-104.156.81.217-35198-443-6,10.8.8.138,35198,104.156.81.217,443,6,25/05/2015 02:08:59 上午,103416209,17,17,8524.0,4727.0,1036.0,0.0,501.4117647058824,442.9341173955119,1237.0,0.0,278.05882352941177,407.1090871296407,128.13271853738132,0.3287685782409603,3133824.5151515147,8710776.091967747,2.9809977E7,16.0,1.03282025E8,6455126.562500001,1.1791639300362779E7,2.9809977E7,62.0,1.03416209E8,6463513.062499999,1.1862992658249803E7,2.9943299E7,30.0,0,1,0,0,544,544,0.16438428912048014,0.16438428912048014,0.0,1237.0,398.5428571428572,430.7040298680032,185505.9613445378,0,0,0,1,1,0,0,0,1.0,410.2647058823529,501.4117647058824,278.05882352941177,0,0,0,0,0,0,17,8524,17,4727,-1,83,11,0,1084646.5,1813851.483113488,3798721.0,21.0,2.466982175E7,1.011720078665225E7,2.9809977E7,9494999.0,No Label
10.8.8.138-74.125.226.45-47827-443-6,10.8.8.138,47827,74.125.226.45,443,6,25/05/2015 01:49:49 上午,207273,0,2,0.0,0.0,0,0,0,0,0.0,0.0,0.0,0.0,0.0,9.649110110820029,207273.0,0.0,207273.0,207273.0,0,0,0,0,0,207273.0,207273.0,0.0,207273.0,207273.0,0,0,0,0,0,64,0.0,9.649110110820029,0.0,0.0,0.0,0.0,0.0,1,0,0,0,1,0,0,0,0.0,0.0,0.0,0.0,0,0,0,0,0,0,0,0,2,0,-1,350,0,0,0,0,0,0,0,0,0,0,No Label
10.8.8.138-74.125.226.40-44795-443-17,10.8.8.138,44795,74.125.226.40,443,17,25/05/2015 02:04:22 上午,458387,3,4,1791.0,2851.0,890.0,40.0,597.0,482.59403228800915,1350.0,32.0,712.75,736.6896112565545,10126.814242114197,15.270939184575479,76397.83333333333,101389.63527583411,207080.0,84.0,249745.0,124872.5,176477.58912819496,249661.0,84.0,432702.0,144234.0,109609.37437555239,207953.0,17669.0,0,0,0,0,24,32,6.54468822196092,8.726250962614559,32.0,1350.0,749.0,601.153415170727,361385.4285714286,0,0,0,0,0,0,0,0,1.0,856.0,597.0,712.75,0,0,0,0,0,0,3,1791,4,2851,-1,-1,3,0,0,0,0,0,0,0,0,0,No Label
131.202.244.3-10.8.8.138-53-38883-17,10.8.8.138,38883,131.202.244.3,53,17,25/05/2015 02:10:33 上午,253526,0,2,0.0,64.0,0,0,0,0,32.0,32.0,32.0,0.0,252.43959199450947,7.888737249828421,253526.0,0.0,253526.0,253526.0,0,0,0,0,0,253526.0,253526.0,0.0,253526.0,253526.0,0,0,0,0,0,16,0.0,7.888737249828421,32.0,32.0,32.0,0.0,0.0,0,0,0,0,0,0,0,0,0.0,48.0,0.0,32.0,0,0,0,0,0,0,0,0,2,64,-1,-1,0,0,0,0,0,0,0,0,0,0,No Label
10.8.8.138-23.235.40.143-39899-443-6,10.8.8.138,39899,23.235.40.143,443,6,25/05/2015 02:10:33 上午,9697862,19,24,1096.0,25892.0,398.0,0.0,57.6842105263158,126.65835614473507,1308.0,0.0,1078.8333333333335,475.36609842965436,2782.881422730082,4.433966991899863,230901.4761904762,1314176.9374724065,8532276.0,14.0,9473702.0,526316.7777777778,2000198.4143545404,8532276.0,71.0,9697825.0,421644.56521739135,1826486.2540658081,8790834.0,40.0,0,0,0,0,608,784,1.9591947173511026,2.4747722745487613,0.0,1308.0,613.3636363636365,627.4543656494199,393698.9809725158,0,1,0,0,0,0,0,0,1.0,627.6279069767442,57.68421052631579,1078.8333333333333,0,0,0,0,0,0,19,1096,24,25892,-1,35,4,0,945185.0,0.0,945185.0,945185.0,8532276.0,0.0,8532276.0,8532276.0,No Label
10.8.8.138-74.125.226.72-55586-443-17,10.8.8.138,55586,74.125.226.72,443,17,25/05/2015 01:51:39 上午,1053352,6,7,1032.0,5930.0,415.0,37.0,172.0,138.38352503098048,1350.0,32.0,847.1428571428571,486.0646145563463,6609.37654269418,12.341553440825098,87779.33333333334,103717.98903173875,206686.0,12.0,1053168.0,210633.6,10356.092665672706,229096.0,204794.0,1027911.0,171318.5,83927.0877744486,207136.0,12.0,0,0,0,0,48,56,5.696101588073122,6.645451852751976,32.0,1350.0,593.7142857142858,526.3744541047428,277070.0659340659,0,0,0,0,0,0,0,0,1.0,639.3846153846154,172.0,847.1428571428571,0,0,0,0,0,0,6,1032,7,5930,-1,-1,6,0,0,0,0,0,0,0,0,0,No Label
10.8.8.138-74.125.226.40-50886-443-17,10.8.8.138,50886,74.125.226.40,443,17,25/05/2015 02:04:53 上午,735143,10,12,6925.0,8405.0,1350.0,40.0,692.5,613.0842338355944,1350.0,32.0,700.4166666666667,606.0345712211074,20853.085726178444,29.92615042243482,35006.80952380953,74376.51770526705,207620.0,20.0,525808.0,58423.11111111111,116851.82745837187,297886.0,24.0,734883.0,66807.54545454546,94028.44077763242,207620.0,20.0,0,0,0,0,80,96,13.602795646561281,16.323354775873536,32.0,1350.0,725.2173913043479,596.6324402634369,355970.2687747036,0,0,0,0,0,0,0,0,1.0,758.1818181818181,692.5,700.4166666666666,0,0,0,0,0,0,10,6925,12,8405,-1,-1,10,0,0,0,0,0,0,0,0,0,No Label
10.8.8.138-74.125.226.35-54688-443-6,10.8.8.138,54688,74.125.226.35,443,6,25/05/2015 01:50:50 上午,213884,0,2,0.0,0.0,0,0,0,0,0.0,0.0,0.0,0.0,0.0,9.350863084662715,213884.0,0.0,213884.0,213884.0,0,0,0,0,0,213884.0,213884.0,0.0,213884.0,213884.0,0,0,0,0,0,64,0.0,9.350863084662715,0.0,0.0,0.0,0.0,0.0,1,0,0,0,1,0,0,0,0.0,0.0,0.0,0.0,0,0,0,0,0,0,0,0,2,0,-1,350,0,0,0,0,0,0,0,0,0,0,No Label
10.8.8.138-74.125.226.57-46417-443-6,10.8.8.138,46417,74.125.226.57,443,6,25/05/2015 01:49:49 上午,206207,0,2,0.0,0.0,0,0,0,0,0.0,0.0,0.0,0.0,0.0,9.69899178980345,206207.0,0.0,206207.0,206207.0,0,0,0,0,0,206207.0,206207.0,0.0,206207.0,206207.0,0,0,0,0,0,64,0.0,9.69899178980345,0.0,0.0,0.0,0.0,0.0,1,0,0,0,1,0,0,0,0.0,0.0,0.0,0.0,0,0,0,0,0,0,0,0,2,0,-1,350,0,0,0,0,0,0,0,0,0,0,No Label
209.148.205.35-10.8.8.138-443-42010-6,10.8.8.138,42010,209.148.205.35,443,6,25/05/2015 02:10:37 上午,216579,0,2,0.0,0.0,0,0,0,0,0.0,0.0,0.0,0.0,0.0,9.234505653826087,216579.0,0.0,216579.0,216579.0,0,0,0,0,0,216579.0,216579.0,0.0,216579.0,216579.0,0,0,0,0,0,64,0.0,9.234505653826087,0.0,0.0,0.0,0.0,0.0,0,0,0,0,1,0,0,0,0.0,0.0,0.0,0.0,0,0,0,0,0,0,0,0,2,0,-1,535,0,0,0,0,0,0,0,0,0,0,No Label
10.8.8.138-74.125.226.41-55005-443-17,10.8.8.138,55005,74.125.226.41,443,17,25/05/2015 01:48:38 上午,533140,11,12,8166.0,5906.0,1350.0,40.0,742.3636363636364,624.8913942001878,1350.0,32.0,492.16666666666663,561.1674249169126,26394.568030911207,43.14063848144953,24233.63636363636,64311.15613620827,223094.0,13.0,533102.0,53310.200000000004,112488.7684198837,290166.0,13.0,532536.0,48412.36363636363,86465.7961812331,223186.0,26.0,0,0,0,0,88,96,20.63247927373673,22.508159207712797,32.0,1350.0,592.9583333333335,586.9841475651226,344550.38949275366,0,0,0,0,0,0,0,0,1.0,618.7391304347826,742.3636363636364,492.1666666666667,0,0,0,0,0,0,11,8166,12,5906,-1,-1,11,0,0,0,0,0,0,0,0,0,No Label
172.230.99.79-10.8.8.138-443-50698-6,10.8.8.138,50698,172.230.99.79,443,6,25/05/2015 01:48:27 上午,200941,1,2,0.0,0.0,0.0,0.0,0.0,0.0,0.0,0.0,0.0,0.0,0.0,14.929755500370755,100470.5,142058.4594471586,200921.0,20.0,0,0,0,0,0,200921.0,200921.0,0.0,200921.0,200921.0,0,0,0,0,20,52,4.976585166790252,9.953170333580504,0.0,0.0,0.0,0.0,0.0,0,0,1,0,0,0,0,0,2.0,0.0,0.0,0.0,0,0,0,0,0,0,1,0,2,0,-1,486,0,0,0,0,0,0,0,0,0,0,No Label
172.230.99.79-10.8.8.138-443-50673-6,10.8.8.138,50673,172.230.99.79,443,6,25/05/2015 02:09:30 上午,71767779,6,5,2090.0,2116.0,1045.0,0.0,348.3333333333333,539.6356795715667,1045.0,0.0,423.2,380.42108248623657,58.605687100892446,0.15327212508554847,7176777.9,1.4347617882580087E7,4.5026146E7,18.0,7.155657E7,1.4311314E7,1.8369832209232874E7,4.5026146E7,212813.0,7.1767743E7,1.794193575E7,1.9239063808086097E7,4.5238042E7,211191.0,0,1,0,0,192,160,0.08360297731939008,0.0696691477661584,0.0,1045.0,437.58333333333337,472.1995838304996,222972.446969697,0,0,0,1,1,0,0,0,0.0,477.3636363636364,348.3333333333333,423.2,0,0,0,0,0,0,6,2090,5,2116,-1,1320,2,0,214604.0,5311.484820650437,220725.0,211209.0,2.3637051333333332E7,1.859347471275763E7,4.5026146E7,1.1330898E7,No Label
10.8.8.138-23.235.40.143-39900-443-6,10.8.8.138,39900,23.235.40.143,443,6,25/05/2015 02:10:33 上午,678550,12,14,726.0,13701.0,398.0,0.0,60.500000000000014,124.7400934306645,1308.0,0.0,978.6428571428572,538.165202994662,21261.513521479625,38.31699948419424,27141.999999999993,72599.41383486967,223222.0,18.0,455253.0,41386.63636363636,88658.96264819788,220733.0,62.0,678523.0,52194.07692307692,97953.32445222873,227604.0,42.0,0,0,0,0,384,464,17.684768992705035,20.632230491489207,0.0,1308.0,534.3333333333334,610.1615801131319,372297.15384615393,0,1,0,0,0,0,0,0,1.0,554.8846153846154,60.5,978.6428571428571,0,0,0,0,0,0,12,726,14,13701,-1,33,3,0,0,0,0,0,0,0,0,0,No Label
10.8.8.138-74.125.226.41-44627-443-6,10.8.8.138,44627,74.125.226.41,443,6,25/05/2015 01:55:39 上午,205809,0,2,0.0,0.0,0,0,0,0,0.0,0.0,0.0,0.0,0.0,9.717748009076377,205809.0,0.0,205809.0,205809.0,0,0,0,0,0,205809.0,205809.0,0.0,205809.0,205809.0,0,0,0,0,0,64,0.0,9.717748009076377,0.0,0.0,0.0,0.0,0.0,1,0,0,0,1,0,0,0,0.0,0.0,0.0,0.0,0,0,0,0,0,0,0,0,2,0,-1,350,0,0,0,0,0,0,0,0,0,0,No Label
192.0.80.241-10.8.8.138-443-38332-6,10.8.8.138,38332,192.0.80.241,443,6,25/05/2015 01:51:13 上午,260812,0,2,0.0,0.0,0,0,0,0,0.0,0.0,0.0,0.0,0.0,7.668358817845805,260812.0,0.0,260812.0,260812.0,0,0,0,0,0,260812.0,260812.0,0.0,260812.0,260812.0,0,0,0,0,0,64,0.0,7.668358817845805,0.0,0.0,0.0,0.0,0.0,1,0,0,0,1,0,0,0,0.0,0.0,0.0,0.0,0,0,0,0,0,0,0,0,2,0,-1,79,0,0,0,0,0,0,0,0,0,0,No Label
10.8.8.138-74.125.226.65-36454-443-6,74.125.226.65,443,10.8.8.138,36454,6,25/05/2015 01:51:50 上午,52,0,2,0.0,0.0,0,0,0,0,0.0,0.0,0.0,0.0,0.0,38461.53846153846,52.0,0.0,52.0,52.0,0,0,0,0,0,52.0,52.0,0.0,52.0,52.0,0,0,0,0,0,64,0.0,38461.53846153846,0.0,0.0,0.0,0.0,0.0,1,0,0,0,1,0,0,0,0.0,0.0,0.0,0.0,0,0,0,0,0,0,0,0,2,0,-1,229,0,0,0,0,0,0,0,0,0,0,No Label
10.8.8.138-74.125.226.63-58312-443-17,10.8.8.138,58312,74.125.226.63,443,17,25/05/2015 01:56:56 上午,464626,3,4,406.0,3028.0,329.0,37.0,135.33333333333334,167.7269606632557,1350.0,32.0,757.0,693.1676083988152,7390.890737926849,15.065880945104235,77437.66666666667,101081.46430214922,208290.0,561.0,464065.0,232032.5,32338.11442400438,254899.0,209166.0,438465.0,146155.0,106989.33898290987,208851.0,22619.0,0,0,0,0,24,32,6.456806119330387,8.609074825773849,32.0,1350.0,598.0,633.1912371923215,400931.1428571428,0,0,0,0,0,0,0,0,1.0,683.4285714285714,135.33333333333334,757.0,0,0,0,0,0,0,3,406,4,3028,-1,-1,3,0,0,0,0,0,0,0,0,0,No Label
131.202.244.3-10.8.8.138-53-59244-17,10.8.8.138,59244,131.202.244.3,53,17,25/05/2015 01:48:29 上午,251501,0,2,0.0,68.0,0,0,0,0,34.0,34.0,34.0,0.0,270.3766585421132,7.952254663003329,251501.0,0.0,251501.0,251501.0,0,0,0,0,0,251501.0,251501.0,0.0,251501.0,251501.0,0,0,0,0,0,16,0.0,7.952254663003329,34.0,34.0,34.0,0.0,0.0,0,0,0,0,0,0,0,0,0.0,51.0,0.0,34.0,0,0,0,0,0,0,0,0,2,68,-1,-1,0,0,0,0,0,0,0,0,0,0,No Label
10.8.8.138-23.235.40.143-39891-443-6,23.235.40.143,443,10.8.8.138,39891,6,25/05/2015 01:49:10 上午,25,0,2,0.0,0.0,0,0,0,0,0.0,0.0,0.0,0.0,0.0,80000.0,25.0,0.0,25.0,25.0,0,0,0,0,0,25.0,25.0,0.0,25.0,25.0,0,0,0,0,0,64,0.0,80000.0,0.0,0.0,0.0,0.0,0.0,1,0,0,0,1,0,0,0,0.0,0.0,0.0,0.0,0,0,0,0,0,0,0,0,2,0,-1,229,0,0,0,0,0,0,0,0,0,0,No Label
10.8.8.138-74.125.29.155-44652-443-6,10.8.8.138,44652,74.125.29.155,443,6,25/05/2015 01:49:47 上午,223514,0,2,0.0,0.0,0,0,0,0,0.0,0.0,0.0,0.0,0.0,8.947985361095949,223514.0,0.0,223514.0,223514.0,0,0,0,0,0,223514.0,223514.0,0.0,223514.0,223514.0,0,0,0,0,0,64,0.0,8.947985361095949,0.0,0.0,0.0,0.0,0.0,1,0,0,0,1,0,0,0,0.0,0.0,0.0,0.0,0,0,0,0,0,0,0,0,2,0,-1,350,0,0,0,0,0,0,0,0,0,0,No Label
10.8.8.138-74.125.226.63-57465-443-6,10.8.8.138,57465,74.125.226.63,443,6,25/05/2015 02:00:57 上午,215060,0,2,0.0,0.0,0,0,0,0,0.0,0.0,0.0,0.0,0.0,9.299730307821074,215060.0,0.0,215060.0,215060.0,0,0,0,0,0,215060.0,215060.0,0.0,215060.0,215060.0,0,0,0,0,0,64,0.0,9.299730307821074,0.0,0.0,0.0,0.0,0.0,1,0,0,0,1,0,0,0,0.0,0.0,0.0,0.0,0,0,0,0,0,0,0,0,2,0,-1,350,0,0,0,0,0,0,0,0,0,0,No Label
131.202.244.3-10.8.8.138-53-15124-17,10.8.8.138,15124,131.202.244.3,53,17,25/05/2015 01:48:59 上午,248692,0,2,0.0,76.0,0,0,0,0,38.0,38.0,38.0,0.0,305.59889341032283,8.042076142376915,248692.0,0.0,248692.0,248692.0,0,0,0,0,0,248692.0,248692.0,0.0,248692.0,248692.0,0,0,0,0,0,16,0.0,8.042076142376915,38.0,38.0,38.0,0.0,0.0,0,0,0,0,0,0,0,0,0.0,57.0,0.0,38.0,0,0,0,0,0,0,0,0,2,76,-1,-1,0,0,0,0,0,0,0,0,0,0,No Label
